# The six-dimensional phase space data in the global Cartesian coordinates
# Part. ID    x [m]       beta_x*gamma       y [m]      beta_y*gamma        z [m]      beta_z*gamma
ID0 2.00000000e+00 0.00000000e+00 0.00000000e+00 2.95094168e-01 0.00000000e+00 0.00000000e+00
ID0 1.99972377e+00 -7.22142391e-03 2.25341933e-02 2.95005795e-01 0.00000000e+00 0.00000000e+00
ID0 1.99889895e+00 -1.43659312e-02 4.50549914e-02 2.94744276e-01 0.00000000e+00 0.00000000e+00
ID0 1.99753159e+00 -2.14288697e-02 6.75493796e-02 2.94315089e-01 0.00000000e+00 0.00000000e+00
ID0 1.99562796e+00 -2.84106608e-02 9.00047546e-02 2.93723343e-01 0.00000000e+00 0.00000000e+00
ID0 1.99319413e+00 -3.53136904e-02 1.12408873e-01 2.92973568e-01 0.00000000e+00 0.00000000e+00
ID0 1.99023621e+00 -4.21346026e-02 1.34749851e-01 2.92070614e-01 0.00000000e+00 0.00000000e+00
ID0 1.98676056e+00 -4.88732238e-02 1.57016164e-01 2.91018859e-01 0.00000000e+00 0.00000000e+00
ID0 1.98277330e+00 -5.55322324e-02 1.79196585e-01 2.89821909e-01 0.00000000e+00 0.00000000e+00
ID0 1.97828061e+00 -6.21091796e-02 2.01280185e-01 2.88483999e-01 0.00000000e+00 0.00000000e+00
ID0 1.97328882e+00 -6.86034118e-02 2.23256352e-01 2.87008954e-01 0.00000000e+00 0.00000000e+00
ID0 1.96780411e+00 -7.50175762e-02 2.45114720e-01 2.85399599e-01 0.00000000e+00 0.00000000e+00
ID0 1.96183266e+00 -8.13498523e-02 2.66845168e-01 2.83659602e-01 0.00000000e+00 0.00000000e+00
ID0 1.95538079e+00 -8.75992812e-02 2.88437857e-01 2.81792360e-01 0.00000000e+00 0.00000000e+00
ID0 1.94845472e+00 -9.37684292e-02 3.09883151e-01 2.79800017e-01 0.00000000e+00 0.00000000e+00
ID0 1.94106061e+00 -9.98559209e-02 3.31171611e-01 2.77685727e-01 0.00000000e+00 0.00000000e+00
ID0 1.93320477e+00 -1.05860592e-01 3.52294047e-01 2.75452542e-01 0.00000000e+00 0.00000000e+00
ID0 1.92489343e+00 -1.11784791e-01 3.73241442e-01 2.73102048e-01 0.00000000e+00 0.00000000e+00
ID0 1.91613276e+00 -1.17627430e-01 3.94004935e-01 2.70636945e-01 0.00000000e+00 0.00000000e+00
ID0 1.90692904e+00 -1.23387427e-01 4.14575879e-01 2.68059902e-01 0.00000000e+00 0.00000000e+00
ID0 1.89728853e+00 -1.29066390e-01 4.34945781e-01 2.65372257e-01 0.00000000e+00 0.00000000e+00
ID0 1.88721743e+00 -1.34663624e-01 4.55106271e-01 2.62576230e-01 0.00000000e+00 0.00000000e+00
ID0 1.87672200e+00 -1.40178821e-01 4.75049159e-01 2.59673769e-01 0.00000000e+00 0.00000000e+00
ID0 1.86580842e+00 -1.45614628e-01 4.94766323e-01 2.56665051e-01 0.00000000e+00 0.00000000e+00
ID0 1.85448275e+00 -1.50970631e-01 5.14249700e-01 2.53551645e-01 0.00000000e+00 0.00000000e+00
ID0 1.84275112e+00 -1.56245737e-01 5.33491371e-01 2.50335450e-01 0.00000000e+00 0.00000000e+00
ID0 1.83061970e+00 -1.61440618e-01 5.52483519e-01 2.47017196e-01 0.00000000e+00 0.00000000e+00
ID0 1.81809462e+00 -1.66554935e-01 5.71218389e-01 2.43598074e-01 0.00000000e+00 0.00000000e+00
ID0 1.80518206e+00 -1.71587556e-01 5.89688341e-01 2.40079734e-01 0.00000000e+00 0.00000000e+00
ID0 1.79188828e+00 -1.76538676e-01 6.07885831e-01 2.36462817e-01 0.00000000e+00 0.00000000e+00
ID0 1.77821950e+00 -1.81407954e-01 6.25803356e-01 2.32748195e-01 0.00000000e+00 0.00000000e+00
ID0 1.76418201e+00 -1.86194190e-01 6.43433510e-01 2.28937310e-01 0.00000000e+00 0.00000000e+00
ID0 1.74978218e+00 -1.90897293e-01 6.60768969e-01 2.25030646e-01 0.00000000e+00 0.00000000e+00
ID0 1.73502635e+00 -1.95516949e-01 6.77802429e-01 2.21028710e-01 0.00000000e+00 0.00000000e+00
ID0 1.71992094e+00 -2.00051904e-01 6.94526660e-01 2.16932717e-01 0.00000000e+00 0.00000000e+00
ID0 1.70447244e+00 -2.04501957e-01 7.10934500e-01 2.12742844e-01 0.00000000e+00 0.00000000e+00
ID0 1.68868732e+00 -2.08867141e-01 7.27018764e-01 2.08458834e-01 0.00000000e+00 0.00000000e+00
ID0 1.67257207e+00 -2.13147778e-01 7.42772232e-01 2.04079869e-01 0.00000000e+00 0.00000000e+00
ID0 1.65613314e+00 -2.17343457e-01 7.58187646e-01 1.99605585e-01 0.00000000e+00 0.00000000e+00
ID0 1.63937704e+00 -2.21453745e-01 7.73257692e-01 1.95035399e-01 0.00000000e+00 0.00000000e+00
ID0 1.62231035e+00 -2.25477016e-01 7.87975067e-01 1.90369859e-01 0.00000000e+00 0.00000000e+00
ID0 1.60493976e+00 -2.29412343e-01 8.02332487e-01 1.85608580e-01 0.00000000e+00 0.00000000e+00
ID0 1.58727199e+00 -2.33259111e-01 8.16322592e-01 1.80750533e-01 0.00000000e+00 0.00000000e+00
ID0 1.56931389e+00 -2.37015461e-01 8.29937999e-01 1.75796016e-01 0.00000000e+00 0.00000000e+00
ID0 1.55107242e+00 -2.40680145e-01 8.43171332e-01 1.70744358e-01 0.00000000e+00 0.00000000e+00
ID0 1.53255458e+00 -2.44252399e-01 8.56015098e-01 1.65593882e-01 0.00000000e+00 0.00000000e+00
ID0 1.51376754e+00 -2.47730086e-01 8.68461747e-01 1.60344543e-01 0.00000000e+00 0.00000000e+00
ID0 1.49471853e+00 -2.51112661e-01 8.80503656e-01 1.54993546e-01 0.00000000e+00 0.00000000e+00
ID0 1.47541483e+00 -2.54399955e-01 8.92132876e-01 1.49536722e-01 0.00000000e+00 0.00000000e+00
ID0 1.45586379e+00 -2.57589266e-01 9.03341292e-01 1.43973393e-01 0.00000000e+00 0.00000000e+00
ID0 1.43607310e+00 -2.60674004e-01 9.14120886e-01 1.38309912e-01 0.00000000e+00 0.00000000e+00
ID0 1.41605133e+00 -2.63638383e-01 9.24464978e-01 1.32572136e-01 0.00000000e+00 0.00000000e+00
ID0 1.39580809e+00 -2.66472780e-01 9.34368631e-01 1.26778648e-01 0.00000000e+00 0.00000000e+00
ID0 1.37535352e+00 -2.69173832e-01 9.43828115e-01 1.20938067e-01 0.00000000e+00 0.00000000e+00
ID0 1.35469735e+00 -2.71753753e-01 9.52838886e-01 1.15023761e-01 0.00000000e+00 0.00000000e+00
ID0 1.33384860e+00 -2.74218056e-01 9.61394625e-01 1.09018466e-01 0.00000000e+00 0.00000000e+00
ID0 1.31281591e+00 -2.76571098e-01 9.69487618e-01 1.02902846e-01 0.00000000e+00 0.00000000e+00
ID0 1.29160779e+00 -2.78811369e-01 9.77109047e-01 9.66684473e-02 0.00000000e+00 0.00000000e+00
ID0 1.27023304e+00 -2.80934262e-01 9.84249755e-01 9.03133899e-02 0.00000000e+00 0.00000000e+00
ID0 1.24870080e+00 -2.82935240e-01 9.90900439e-01 8.38344674e-02 0.00000000e+00 0.00000000e+00
ID0 1.22702051e+00 -2.84810479e-01 9.97051334e-01 7.72240827e-02 0.00000000e+00 0.00000000e+00
ID0 1.20520199e+00 -2.86553876e-01 1.00269230e+00 7.04800977e-02 0.00000000e+00 0.00000000e+00
ID0 1.18325558e+00 -2.88159238e-01 1.00781304e+00 6.35989129e-02 0.00000000e+00 0.00000000e+00
ID0 1.16119199e+00 -2.89621339e-01 1.01240265e+00 5.65689684e-02 0.00000000e+00 0.00000000e+00
ID0 1.13902244e+00 -2.90932605e-01 1.01644948e+00 4.93840795e-02 0.00000000e+00 0.00000000e+00
ID0 1.11675879e+00 -2.92084239e-01 1.01994158e+00 4.20400454e-02 0.00000000e+00 0.00000000e+00
ID0 1.09441356e+00 -2.93067490e-01 1.02286634e+00 3.45255597e-02 0.00000000e+00 0.00000000e+00
ID0 1.07200002e+00 -2.93871171e-01 1.02521064e+00 2.68384628e-02 0.00000000e+00 0.00000000e+00
ID0 1.04953234e+00 -2.94483425e-01 1.02696122e+00 1.89757893e-02 0.00000000e+00 0.00000000e+00
ID0 1.02702560e+00 -2.94891828e-01 1.02810423e+00 1.09260043e-02 0.00000000e+00 0.00000000e+00
ID0 1.00449591e+00 -2.95081936e-01 1.02862524e+00 2.68682907e-03 0.00000000e+00 0.00000000e+00
ID0 9.81960518e-01 -2.95038297e-01 1.02850981e+00 -5.74208715e-03 0.00000000e+00 0.00000000e+00
ID0 9.59437919e-01 -2.94744139e-01 1.02774313e+00 -1.43687348e-02 0.00000000e+00 0.00000000e+00
ID0 9.36947916e-01 -2.94181638e-01 1.02631019e+00 -2.31890443e-02 0.00000000e+00 0.00000000e+00
ID0 9.14511699e-01 -2.93332417e-01 1.02419645e+00 -3.21972214e-02 0.00000000e+00 0.00000000e+00
ID0 8.92151913e-01 -2.92176723e-01 1.02138758e+00 -4.13924000e-02 0.00000000e+00 0.00000000e+00
ID0 8.69892689e-01 -2.90696037e-01 1.01786980e+00 -5.07580716e-02 0.00000000e+00 0.00000000e+00
ID0 8.47759506e-01 -2.88872979e-01 1.01363093e+00 -6.02741225e-02 0.00000000e+00 0.00000000e+00
ID0 8.25779186e-01 -2.86689930e-01 1.00866006e+00 -6.99246191e-02 0.00000000e+00 0.00000000e+00
ID0 8.03979864e-01 -2.84130350e-01 1.00294766e+00 -7.96901008e-02 0.00000000e+00 0.00000000e+00
ID0 7.82390884e-01 -2.81179037e-01 9.96485773e-01 -8.95484069e-02 0.00000000e+00 0.00000000e+00
ID0 7.61042650e-01 -2.77824810e-01 9.89268359e-01 -9.94683011e-02 0.00000000e+00 0.00000000e+00
ID0 7.39966026e-01 -2.74065389e-01 9.81292608e-01 -1.09401695e-01 0.00000000e+00 0.00000000e+00
ID0 7.19192158e-01 -2.69895389e-01 9.72558671e-01 -1.19319098e-01 0.00000000e+00 0.00000000e+00
ID0 6.98752559e-01 -2.65311111e-01 9.63068851e-01 -1.29192037e-01 0.00000000e+00 0.00000000e+00
ID0 6.78678867e-01 -2.60313671e-01 9.52827776e-01 -1.38986910e-01 0.00000000e+00 0.00000000e+00
ID0 6.59002401e-01 -2.54910940e-01 9.41842855e-01 -1.48663986e-01 0.00000000e+00 0.00000000e+00
ID0 6.39753454e-01 -2.49119870e-01 9.30124952e-01 -1.58176668e-01 0.00000000e+00 0.00000000e+00
ID0 6.20961285e-01 -2.42950486e-01 9.17687704e-01 -1.67498148e-01 0.00000000e+00 0.00000000e+00
ID0 6.02654324e-01 -2.36415922e-01 9.04546712e-01 -1.76601472e-01 0.00000000e+00 0.00000000e+00
ID0 5.84859810e-01 -2.29533224e-01 8.90719725e-01 -1.85459071e-01 0.00000000e+00 0.00000000e+00
ID0 5.67603456e-01 -2.22328231e-01 8.76226666e-01 -1.94037949e-01 0.00000000e+00 0.00000000e+00
ID0 5.50908770e-01 -2.14827272e-01 8.61090011e-01 -2.02311174e-01 0.00000000e+00 0.00000000e+00
ID0 5.34797639e-01 -2.07049144e-01 8.45333653e-01 -2.10264643e-01 0.00000000e+00 0.00000000e+00
ID0 5.19290500e-01 -1.99013076e-01 8.28982490e-01 -2.17886125e-01 0.00000000e+00 0.00000000e+00
ID0 5.04406236e-01 -1.90742490e-01 8.12062348e-01 -2.25161876e-01 0.00000000e+00 0.00000000e+00
ID0 4.90161439e-01 -1.82270999e-01 7.94600414e-01 -2.32072944e-01 0.00000000e+00 0.00000000e+00
ID0 4.76570630e-01 -1.73618825e-01 7.76624756e-01 -2.38614903e-01 0.00000000e+00 0.00000000e+00
ID0 4.63646905e-01 -1.64804303e-01 7.58163647e-01 -2.44785845e-01 0.00000000e+00 0.00000000e+00
ID0 4.51401991e-01 -1.55845146e-01 7.39245449e-01 -2.50585033e-01 0.00000000e+00 0.00000000e+00
ID0 4.39846141e-01 -1.46762393e-01 7.19898629e-01 -2.56010484e-01 0.00000000e+00 0.00000000e+00
ID0 4.28988107e-01 -1.37573130e-01 7.00151701e-01 -2.61063598e-01 0.00000000e+00 0.00000000e+00
ID0 4.18835468e-01 -1.28291650e-01 6.80032981e-01 -2.65747664e-01 0.00000000e+00 0.00000000e+00
ID0 4.09394761e-01 -1.18930983e-01 6.59570505e-01 -2.70066639e-01 0.00000000e+00 0.00000000e+00
ID0 4.00671633e-01 -1.09500938e-01 6.38791965e-01 -2.74025752e-01 0.00000000e+00 0.00000000e+00
ID0 3.92670980e-01 -1.00012886e-01 6.17724668e-01 -2.77629233e-01 0.00000000e+00 0.00000000e+00
ID0 3.85396778e-01 -9.04782239e-02 5.96395623e-01 -2.80881219e-01 0.00000000e+00 0.00000000e+00
ID0 3.78852212e-01 -8.09065373e-02 5.74831497e-01 -2.83786364e-01 0.00000000e+00 0.00000000e+00
ID0 3.73039799e-01 -7.13048128e-02 5.53058592e-01 -2.86349772e-01 0.00000000e+00 0.00000000e+00
ID0 3.67961788e-01 -6.16754361e-02 5.31102777e-01 -2.88577041e-01 0.00000000e+00 0.00000000e+00
ID0 3.63619886e-01 -5.20288204e-02 5.08989603e-01 -2.90471290e-01 0.00000000e+00 0.00000000e+00
ID0 3.60015111e-01 -4.23731918e-02 4.86744366e-01 -2.92036095e-01 0.00000000e+00 0.00000000e+00
ID0 3.57147673e-01 -3.27208656e-02 4.64392111e-01 -2.93274467e-01 0.00000000e+00 0.00000000e+00
ID0 3.55017104e-01 -2.30766190e-02 4.41957616e-01 -2.94190479e-01 0.00000000e+00 0.00000000e+00
ID0 3.53622539e-01 -1.34477734e-02 4.19465362e-01 -2.94787594e-01 0.00000000e+00 0.00000000e+00
ID0 3.52962389e-01 -3.84592641e-03 3.96939580e-01 -2.95069106e-01 0.00000000e+00 0.00000000e+00
ID0 3.53034129e-01 5.71712873e-03 3.74404232e-01 -2.95038782e-01 0.00000000e+00 0.00000000e+00
ID0 3.53834355e-01 1.52299922e-02 3.51882972e-01 -2.94700892e-01 0.00000000e+00 0.00000000e+00
ID0 3.55358810e-01 2.46816121e-02 3.29399113e-01 -2.94060175e-01 0.00000000e+00 0.00000000e+00
ID0 3.57602414e-01 3.40613695e-02 3.06975586e-01 -2.93121803e-01 0.00000000e+00 0.00000000e+00
ID0 3.60559207e-01 4.33564268e-02 2.84634902e-01 -2.91891741e-01 0.00000000e+00 0.00000000e+00
ID0 3.64222205e-01 5.25534002e-02 2.62399081e-01 -2.90376839e-01 0.00000000e+00 0.00000000e+00
ID0 3.68583450e-01 6.16402707e-02 2.40289595e-01 -2.88584555e-01 0.00000000e+00 0.00000000e+00
ID0 3.73634104e-01 7.06060719e-02 2.18327326e-01 -2.86522863e-01 0.00000000e+00 0.00000000e+00
ID0 3.79364517e-01 7.94401776e-02 1.96532525e-01 -2.84200328e-01 0.00000000e+00 0.00000000e+00
ID0 3.85764270e-01 8.81334981e-02 1.74924779e-01 -2.81625735e-01 0.00000000e+00 0.00000000e+00
ID0 3.92822296e-01 9.66778226e-02 1.53522993e-01 -2.78808118e-01 0.00000000e+00 0.00000000e+00
ID0 4.00526932e-01 1.05065889e-01 1.32345377e-01 -2.75756645e-01 0.00000000e+00 0.00000000e+00
ID0 4.08866012e-01 1.13291965e-01 1.11409448e-01 -2.72480273e-01 0.00000000e+00 0.00000000e+00
ID0 4.17826981e-01 1.21351227e-01 9.07320432e-02 -2.68987821e-01 0.00000000e+00 0.00000000e+00
ID0 4.27396947e-01 1.29244224e-01 7.03293383e-02 -2.65285693e-01 0.00000000e+00 0.00000000e+00
ID0 4.37565556e-01 1.37042185e-01 5.02183019e-02 -2.61342702e-01 0.00000000e+00 0.00000000e+00
ID0 4.48326240e-01 1.44735435e-01 3.04177487e-02 -2.57161860e-01 0.00000000e+00 0.00000000e+00
ID0 4.59668283e-01 1.52263593e-01 1.09443645e-02 -2.52777306e-01 0.00000000e+00 0.00000000e+00
ID0 4.71578707e-01 1.59604589e-01 -8.18667895e-03 -2.48207461e-01 0.00000000e+00 0.00000000e+00
ID0 4.84037347e-01 1.66619891e-01 -2.69653773e-02 -2.43553651e-01 0.00000000e+00 0.00000000e+00
ID0 4.97023791e-01 1.73441307e-01 -4.53830299e-02 -2.38743967e-01 0.00000000e+00 0.00000000e+00
ID0 5.10524319e-01 1.80082832e-01 -6.34272489e-02 -2.33774983e-01 0.00000000e+00 0.00000000e+00
ID0 5.24525193e-01 1.86544442e-01 -8.10860710e-02 -2.28652007e-01 0.00000000e+00 0.00000000e+00
ID0 5.39012674e-01 1.92826098e-01 -9.83479287e-02 -2.23380091e-01 0.00000000e+00 0.00000000e+00
ID0 5.53973003e-01 1.98927412e-01 -1.15201644e-01 -2.17964341e-01 0.00000000e+00 0.00000000e+00
ID0 5.69392380e-01 2.04847695e-01 -1.31636434e-01 -2.12409959e-01 0.00000000e+00 0.00000000e+00
ID0 5.85256999e-01 2.10587630e-01 -1.47641859e-01 -2.06720631e-01 0.00000000e+00 0.00000000e+00
ID0 6.01553101e-01 2.16147351e-01 -1.63207755e-01 -2.00900203e-01 0.00000000e+00 0.00000000e+00
ID0 6.18266880e-01 2.21525540e-01 -1.78324297e-01 -1.94953851e-01 0.00000000e+00 0.00000000e+00
ID0 6.35384425e-01 2.26721152e-01 -1.92982065e-01 -1.88886443e-01 0.00000000e+00 0.00000000e+00
ID0 6.52891752e-01 2.31733079e-01 -2.07172000e-01 -1.82702898e-01 0.00000000e+00 0.00000000e+00
ID0 6.70774864e-01 2.36562574e-01 -2.20885323e-01 -1.76404982e-01 0.00000000e+00 0.00000000e+00
ID0 6.89019845e-01 2.41209512e-01 -2.34113388e-01 -1.69995707e-01 0.00000000e+00 0.00000000e+00
ID0 7.07612681e-01 2.45671866e-01 -2.46847896e-01 -1.63480590e-01 0.00000000e+00 0.00000000e+00
ID0 7.26539191e-01 2.49947519e-01 -2.59080988e-01 -1.56865569e-01 0.00000000e+00 0.00000000e+00
ID0 7.45785074e-01 2.54035874e-01 -2.70805215e-01 -1.50154399e-01 0.00000000e+00 0.00000000e+00
ID0 7.65336073e-01 2.57937794e-01 -2.82013251e-01 -1.43348049e-01 0.00000000e+00 0.00000000e+00
ID0 7.85177890e-01 2.61651538e-01 -2.92698006e-01 -1.36451609e-01 0.00000000e+00 0.00000000e+00
ID0 8.05296074e-01 2.65174994e-01 -3.02852831e-01 -1.29471200e-01 0.00000000e+00 0.00000000e+00
ID0 8.25676017e-01 2.68506479e-01 -3.12471555e-01 -1.22412579e-01 0.00000000e+00 0.00000000e+00
ID0 8.46303094e-01 2.71646972e-01 -3.21548211e-01 -1.15275720e-01 0.00000000e+00 0.00000000e+00
ID0 8.67162669e-01 2.74594835e-01 -3.30076996e-01 -1.08065932e-01 0.00000000e+00 0.00000000e+00
ID0 8.88239954e-01 2.77348114e-01 -3.38052592e-01 -1.00789844e-01 0.00000000e+00 0.00000000e+00
ID0 9.09520023e-01 2.79905171e-01 -3.45470196e-01 -9.34540752e-02 0.00000000e+00 0.00000000e+00
ID0 9.30987892e-01 2.82266452e-01 -3.52325329e-01 -8.60593937e-02 0.00000000e+00 0.00000000e+00
ID0 9.52628609e-01 2.84431429e-01 -3.58613545e-01 -7.86087202e-02 0.00000000e+00 0.00000000e+00
ID0 9.74427113e-01 2.86398375e-01 -3.64330842e-01 -7.11093496e-02 0.00000000e+00 0.00000000e+00
ID0 9.96368227e-01 2.88165885e-01 -3.69473790e-01 -6.35687927e-02 0.00000000e+00 0.00000000e+00
ID0 1.01843670e+00 2.89733741e-01 -3.74039434e-01 -5.59904275e-02 0.00000000e+00 0.00000000e+00
ID0 1.04061730e+00 2.91102237e-01 -3.78024833e-01 -4.83741297e-02 0.00000000e+00 0.00000000e+00
ID0 1.06289476e+00 2.92270262e-01 -3.81427339e-01 -4.07266822e-02 0.00000000e+00 0.00000000e+00
ID0 1.08525374e+00 2.93236926e-01 -3.84244854e-01 -3.30556218e-02 0.00000000e+00 0.00000000e+00
ID0 1.10767884e+00 2.94001747e-01 -3.86475887e-01 -2.53681179e-02 0.00000000e+00 0.00000000e+00
ID0 1.13015466e+00 2.94565198e-01 -3.88119074e-01 -1.76610579e-02 0.00000000e+00 0.00000000e+00
ID0 1.15266580e+00 2.94926672e-01 -3.89173123e-01 -9.94117950e-03 0.00000000e+00 0.00000000e+00
ID0 1.17519682e+00 2.95085837e-01 -3.89637404e-01 -2.21764936e-03 0.00000000e+00 0.00000000e+00
ID0 1.19773228e+00 2.95042906e-01 -3.89511992e-01 5.50025301e-03 0.00000000e+00 0.00000000e+00
ID0 1.22025675e+00 2.94798248e-01 -3.88797448e-01 1.32121921e-02 0.00000000e+00 0.00000000e+00
ID0 1.24275484e+00 2.94351734e-01 -3.87494064e-01 2.09195058e-02 0.00000000e+00 0.00000000e+00
ID0 1.26521112e+00 2.93703756e-01 -3.85602554e-01 2.86124554e-02 0.00000000e+00 0.00000000e+00
ID0 1.28761026e+00 2.92855349e-01 -3.83124397e-01 3.62810321e-02 0.00000000e+00 0.00000000e+00
ID0 1.30993700e+00 2.91808060e-01 -3.80061837e-01 4.39161146e-02 0.00000000e+00 0.00000000e+00
ID0 1.33217617e+00 2.90561862e-01 -3.76417383e-01 5.15206080e-02 0.00000000e+00 0.00000000e+00
ID0 1.35431257e+00 2.89117028e-01 -3.72193365e-01 5.90924110e-02 0.00000000e+00 0.00000000e+00
ID0 1.37633111e+00 2.87475520e-01 -3.67392658e-01 6.66212755e-02 0.00000000e+00 0.00000000e+00
ID0 1.39821685e+00 2.85640069e-01 -3.62018944e-01 7.40966909e-02 0.00000000e+00 0.00000000e+00
ID0 1.41995513e+00 2.83613666e-01 -3.56076700e-01 8.15098594e-02 0.00000000e+00 0.00000000e+00
ID0 1.44153130e+00 2.81394598e-01 -3.49570416e-01 8.88687195e-02 0.00000000e+00 0.00000000e+00
ID0 1.46293067e+00 2.78984281e-01 -3.42504332e-01 9.61682889e-02 0.00000000e+00 0.00000000e+00
ID0 1.48413878e+00 2.76386466e-01 -3.34883387e-01 1.03397728e-01 0.00000000e+00 0.00000000e+00
ID0 1.50514148e+00 2.73605714e-01 -3.26713348e-01 1.10546291e-01 0.00000000e+00 0.00000000e+00
ID0 1.52592500e+00 2.70646533e-01 -3.18000791e-01 1.17605370e-01 0.00000000e+00 0.00000000e+00
ID0 1.54647558e+00 2.67505258e-01 -3.08752185e-01 1.24585336e-01 0.00000000e+00 0.00000000e+00
ID0 1.56677939e+00 2.64184951e-01 -2.98973718e-01 1.31479582e-01 0.00000000e+00 0.00000000e+00
ID0 1.58682297e+00 2.60691414e-01 -2.88672361e-01 1.38277096e-01 0.00000000e+00 0.00000000e+00
ID0 1.60659334e+00 2.57030918e-01 -2.77855906e-01 1.44967844e-01 0.00000000e+00 0.00000000e+00
ID0 1.62607789e+00 2.53206960e-01 -2.66532670e-01 1.51548027e-01 0.00000000e+00 0.00000000e+00
ID0 1.64526422e+00 2.49220546e-01 -2.54711159e-01 1.58018000e-01 0.00000000e+00 0.00000000e+00
ID0 1.66413990e+00 2.45072701e-01 -2.42399695e-01 1.64377432e-01 0.00000000e+00 0.00000000e+00
ID0 1.68269289e+00 2.40770680e-01 -2.29607107e-01 1.70616671e-01 0.00000000e+00 0.00000000e+00
ID0 1.70091154e+00 2.36317870e-01 -2.16342704e-01 1.76732660e-01 0.00000000e+00 0.00000000e+00
ID0 1.71878459e+00 2.31721453e-01 -2.02616168e-01 1.82717644e-01 0.00000000e+00 0.00000000e+00
ID0 1.73630140e+00 2.26989811e-01 -1.88437823e-01 1.88563503e-01 0.00000000e+00 0.00000000e+00
ID0 1.75345176e+00 2.22123270e-01 -1.73818333e-01 1.94272545e-01 0.00000000e+00 0.00000000e+00
ID0 1.77022515e+00 2.17118887e-01 -1.58767835e-01 1.99849839e-01 0.00000000e+00 0.00000000e+00
ID0 1.78661136e+00 2.11985123e-01 -1.43296684e-01 2.05287303e-01 0.00000000e+00 0.00000000e+00
ID0 1.80260086e+00 2.06731372e-01 -1.27415864e-01 2.10577085e-01 0.00000000e+00 0.00000000e+00
ID0 1.81818477e+00 2.01363820e-01 -1.11136844e-01 2.15715509e-01 0.00000000e+00 0.00000000e+00
ID0 1.83335454e+00 1.95887246e-01 -9.44712219e-02 2.20700602e-01 0.00000000e+00 0.00000000e+00
ID0 1.84810219e+00 1.90309610e-01 -7.74309192e-02 2.25527872e-01 0.00000000e+00 0.00000000e+00
ID0 1.86241988e+00 1.84629661e-01 -6.00277944e-02 2.30200906e-01 0.00000000e+00 0.00000000e+00
ID0 1.87630101e+00 1.78883878e-01 -4.22744875e-02 2.34693688e-01 0.00000000e+00 0.00000000e+00
ID0 1.88974179e+00 1.73101067e-01 -2.41854937e-02 2.38990773e-01 0.00000000e+00 0.00000000e+00
ID0 1.90274016e+00 1.67301331e-01 -5.77600217e-03 2.43086062e-01 0.00000000e+00 0.00000000e+00
ID0 1.91529520e+00 1.61484121e-01 1.29386680e-02 2.46988760e-01 0.00000000e+00 0.00000000e+00
ID0 1.92740361e+00 1.55602348e-01 3.19453532e-02 2.50735873e-01 0.00000000e+00 0.00000000e+00
ID0 1.93906045e+00 1.49659220e-01 5.12322991e-02 2.54327912e-01 0.00000000e+00 0.00000000e+00
ID0 1.95026117e+00 1.43656825e-01 7.07876608e-02 2.57765951e-01 0.00000000e+00 0.00000000e+00
ID0 1.96100113e+00 1.37593123e-01 9.05998181e-02 2.61053062e-01 0.00000000e+00 0.00000000e+00
ID0 1.97127580e+00 1.31472935e-01 1.10657227e-01 2.64188259e-01 0.00000000e+00 0.00000000e+00
ID0 1.98108116e+00 1.25303891e-01 1.30948203e-01 2.67169429e-01 0.00000000e+00 0.00000000e+00
ID0 1.99041374e+00 1.19092325e-01 1.51460927e-01 2.69995531e-01 0.00000000e+00 0.00000000e+00
ID0 1.99927036e+00 1.12840036e-01 1.72183604e-01 2.72667737e-01 0.00000000e+00 0.00000000e+00
ID0 2.00764814e+00 1.06553468e-01 1.93104457e-01 2.75185260e-01 0.00000000e+00 0.00000000e+00
ID0 2.01554472e+00 1.00239349e-01 2.14211647e-01 2.77547548e-01 0.00000000e+00 0.00000000e+00
ID0 2.02295813e+00 9.39004328e-02 2.35493349e-01 2.79755746e-01 0.00000000e+00 0.00000000e+00
ID0 2.02988649e+00 8.75360762e-02 2.56937875e-01 2.81812001e-01 0.00000000e+00 0.00000000e+00
ID0 2.03632786e+00 8.11482534e-02 2.78533677e-01 2.83717341e-01 0.00000000e+00 0.00000000e+00
ID0 2.04228069e+00 7.47425195e-02 3.00269222e-01 2.85471758e-01 0.00000000e+00 0.00000000e+00
ID0 2.04774366e+00 6.83205324e-02 3.22133031e-01 2.87076425e-01 0.00000000e+00 0.00000000e+00
ID0 2.05271575e+00 6.18880866e-02 3.44113676e-01 2.88531512e-01 0.00000000e+00 0.00000000e+00
ID0 2.05719638e+00 5.54511081e-02 3.66199746e-01 2.89837443e-01 0.00000000e+00 0.00000000e+00
ID0 2.06118533e+00 4.90117553e-02 3.88379895e-01 2.90995561e-01 0.00000000e+00 0.00000000e+00
ID0 2.06468250e+00 4.25733186e-02 4.10642884e-01 2.92006989e-01 0.00000000e+00 0.00000000e+00
ID0 2.06768817e+00 3.61411754e-02 4.32977544e-01 2.92872642e-01 0.00000000e+00 0.00000000e+00
ID0 2.07020299e+00 2.97191529e-02 4.55372786e-01 2.93593836e-01 0.00000000e+00 0.00000000e+00
ID0 2.07222777e+00 2.33082680e-02 4.77817644e-01 2.94172217e-01 0.00000000e+00 0.00000000e+00
ID0 2.07376351e+00 1.69129858e-02 5.00301262e-01 2.94609096e-01 0.00000000e+00 0.00000000e+00
ID0 2.07481153e+00 1.05355737e-02 5.22812889e-01 2.94906037e-01 0.00000000e+00 0.00000000e+00
ID0 2.07537313e+00 4.17443572e-03 5.45341903e-01 2.95064642e-01 0.00000000e+00 0.00000000e+00
ID0 2.07544963e+00 -2.16728147e-03 5.67877788e-01 2.95086211e-01 0.00000000e+00 0.00000000e+00
ID0 2.07504271e+00 -8.48500232e-03 5.90410132e-01 2.94972157e-01 0.00000000e+00 0.00000000e+00
ID0 2.07415432e+00 -1.47758167e-02 6.12928636e-01 2.94724013e-01 0.00000000e+00 0.00000000e+00
ID0 2.07278655e+00 -2.10384414e-02 6.35423116e-01 2.94343257e-01 0.00000000e+00 0.00000000e+00
ID0 2.07094171e+00 -2.72690340e-02 6.57883505e-01 2.93831531e-01 0.00000000e+00 0.00000000e+00
ID0 2.06862237e+00 -3.34639740e-02 6.80299869e-01 2.93190606e-01 0.00000000e+00 0.00000000e+00
ID0 2.06583132e+00 -3.96225305e-02 7.02662400e-01 2.92421996e-01 0.00000000e+00 0.00000000e+00
ID0 2.06257140e+00 -4.57420090e-02 7.24961410e-01 2.91527421e-01 0.00000000e+00 0.00000000e+00
ID0 2.05884573e+00 -5.18190153e-02 7.47187352e-01 2.90508792e-01 0.00000000e+00 0.00000000e+00
ID0 2.05465765e+00 -5.78517906e-02 7.69330820e-01 2.89367827e-01 0.00000000e+00 0.00000000e+00
ID0 2.05001056e+00 -6.38391985e-02 7.91382529e-01 2.88106101e-01 0.00000000e+00 0.00000000e+00
ID0 2.04490803e+00 -6.97782958e-02 8.13333331e-01 2.86725580e-01 0.00000000e+00 0.00000000e+00
ID0 2.03935387e+00 -7.56664595e-02 8.35174230e-01 2.85228252e-01 0.00000000e+00 0.00000000e+00
ID0 2.03335198e+00 -8.15035152e-02 8.56896361e-01 2.83615489e-01 0.00000000e+00 0.00000000e+00
ID0 2.02690633e+00 -8.72871780e-02 8.78490976e-01 2.81889193e-01 0.00000000e+00 0.00000000e+00
ID0 2.02002109e+00 -9.30149361e-02 8.99949483e-01 2.80051407e-01 0.00000000e+00 0.00000000e+00
ID0 2.01270061e+00 -9.86858421e-02 9.21263433e-01 2.78103710e-01 0.00000000e+00 0.00000000e+00
ID0 2.00494922e+00 -1.04298936e-01 9.42424487e-01 2.76047642e-01 0.00000000e+00 0.00000000e+00
ID0 1.99677144e+00 -1.09851996e-01 9.63424443e-01 2.73885209e-01 0.00000000e+00 0.00000000e+00
ID0 1.98817192e+00 -1.15343291e-01 9.84255254e-01 2.71618288e-01 0.00000000e+00 0.00000000e+00
ID0 1.97915539e+00 -1.20772750e-01 1.00490899e+00 2.69248048e-01 0.00000000e+00 0.00000000e+00
ID0 1.96972662e+00 -1.26138587e-01 1.02537781e+00 2.66776359e-01 0.00000000e+00 0.00000000e+00
ID0 1.95989056e+00 -1.31438986e-01 1.04565407e+00 2.64205151e-01 0.00000000e+00 0.00000000e+00
ID0 1.94965221e+00 -1.36673516e-01 1.06573020e+00 2.61535693e-01 0.00000000e+00 0.00000000e+00
ID0 1.93901664e+00 -1.41841315e-01 1.08559875e+00 2.58769415e-01 0.00000000e+00 0.00000000e+00
ID0 1.92798901e+00 -1.46940724e-01 1.10525241e+00 2.55908172e-01 0.00000000e+00 0.00000000e+00
ID0 1.91657458e+00 -1.51970727e-01 1.12468398e+00 2.52953487e-01 0.00000000e+00 0.00000000e+00
ID0 1.90477865e+00 -1.56931380e-01 1.14388635e+00 2.49906204e-01 0.00000000e+00 0.00000000e+00
ID0 1.89260657e+00 -1.61821304e-01 1.16285252e+00 2.46767977e-01 0.00000000e+00 0.00000000e+00
ID0 1.88006379e+00 -1.66639176e-01 1.18157560e+00 2.43540456e-01 0.00000000e+00 0.00000000e+00
ID0 1.86715581e+00 -1.71385159e-01 1.20004880e+00 2.40224262e-01 0.00000000e+00 0.00000000e+00
ID0 1.85388814e+00 -1.76058543e-01 1.21826540e+00 2.36820519e-01 0.00000000e+00 0.00000000e+00
ID0 1.84026638e+00 -1.80658014e-01 1.23621875e+00 2.33330775e-01 0.00000000e+00 0.00000000e+00
ID0 1.82629620e+00 -1.85183110e-01 1.25390235e+00 2.29755924e-01 0.00000000e+00 0.00000000e+00
ID0 1.81198326e+00 -1.89634010e-01 1.27130968e+00 2.26096243e-01 0.00000000e+00 0.00000000e+00
ID0 1.79733328e+00 -1.94009527e-01 1.28843432e+00 2.22353035e-01 0.00000000e+00 0.00000000e+00
ID0 1.78235206e+00 -1.98308593e-01 1.30526995e+00 2.18527506e-01 0.00000000e+00 0.00000000e+00
ID0 1.76704541e+00 -2.02531768e-01 1.32181027e+00 2.14619318e-01 0.00000000e+00 0.00000000e+00
ID0 1.75141916e+00 -2.06678254e-01 1.33804898e+00 2.10629220e-01 0.00000000e+00 0.00000000e+00
ID0 1.73547921e+00 -2.10746825e-01 1.35397987e+00 2.06558332e-01 0.00000000e+00 0.00000000e+00
ID0 1.71923153e+00 -2.14737337e-01 1.36959679e+00 2.02406632e-01 0.00000000e+00 0.00000000e+00
ID0 1.70268206e+00 -2.18649825e-01 1.38489354e+00 1.98173718e-01 0.00000000e+00 0.00000000e+00
ID0 1.68583681e+00 -2.22483024e-01 1.39986394e+00 1.93860447e-01 0.00000000e+00 0.00000000e+00
ID0 1.66870189e+00 -2.26235856e-01 1.41450190e+00 1.89467428e-01 0.00000000e+00 0.00000000e+00
ID0 1.65128340e+00 -2.29909058e-01 1.42880125e+00 1.84992957e-01 0.00000000e+00 0.00000000e+00
ID0 1.63358747e+00 -2.33501427e-01 1.44275579e+00 1.80437392e-01 0.00000000e+00 0.00000000e+00
ID0 1.61562032e+00 -2.37011394e-01 1.45635934e+00 1.75801502e-01 0.00000000e+00 0.00000000e+00
ID0 1.59738852e+00 -2.40429554e-01 1.46960610e+00 1.71097044e-01 0.00000000e+00 0.00000000e+00
ID0 1.57889951e+00 -2.43746720e-01 1.48249142e+00 1.66337324e-01 0.00000000e+00 0.00000000e+00
ID0 1.56016111e+00 -2.46960099e-01 1.49501132e+00 1.61527949e-01 0.00000000e+00 0.00000000e+00
ID0 1.54118131e+00 -2.50069559e-01 1.50716215e+00 1.56670943e-01 0.00000000e+00 0.00000000e+00
ID0 1.52196769e+00 -2.53084636e-01 1.51893975e+00 1.51752218e-01 0.00000000e+00 0.00000000e+00
ID0 1.50252733e+00 -2.56007458e-01 1.53033921e+00 1.46767675e-01 0.00000000e+00 0.00000000e+00
ID0 1.48286724e+00 -2.58839311e-01 1.54135539e+00 1.41713725e-01 0.00000000e+00 0.00000000e+00
ID0 1.46299427e+00 -2.61582923e-01 1.55198271e+00 1.36583099e-01 0.00000000e+00 0.00000000e+00
ID0 1.44291511e+00 -2.64238714e-01 1.56221513e+00 1.31371500e-01 0.00000000e+00 0.00000000e+00
ID0 1.42263653e+00 -2.66805076e-01 1.57204640e+00 1.26077835e-01 0.00000000e+00 0.00000000e+00
ID0 1.40216542e+00 -2.69280817e-01 1.58147020e+00 1.20699670e-01 0.00000000e+00 0.00000000e+00
ID0 1.38150869e+00 -2.71665596e-01 1.59047987e+00 1.15231823e-01 0.00000000e+00 0.00000000e+00
ID0 1.36067340e+00 -2.73956886e-01 1.59906848e+00 1.09673120e-01 0.00000000e+00 0.00000000e+00
ID0 1.33966677e+00 -2.76152064e-01 1.60722908e+00 1.04022144e-01 0.00000000e+00 0.00000000e+00
ID0 1.31849619e+00 -2.78250460e-01 1.61495435e+00 9.82713109e-02 0.00000000e+00 0.00000000e+00
ID0 1.29716913e+00 -2.80249266e-01 1.62223648e+00 9.24170845e-02 0.00000000e+00 0.00000000e+00
ID0 1.27569335e+00 -2.82144621e-01 1.62906753e+00 8.64579770e-02 0.00000000e+00 0.00000000e+00
