0
97.0
0
1
60
59
12.5544 12.5544 12.5544 12.5544 12.5544
12.5544 12.5544 12.5544 12.5544 12.5544
12.5544 12.5544 12.5544 12.5544 12.5544
12.5544 12.5544 12.5544 12.5544 12.5544
12.5544 12.5544 12.5544 12.5544 12.5544
12.5544 12.5544 12.5544 12.5544 12.5544
12.5544 12.5544 12.5544 12.5544 12.5544
12.5544 12.5544 12.5544 12.5544 12.5544
12.5544 12.5544 12.5544 12.5544 12.5544
12.5544 12.5544 12.5544 12.5544 12.5544
12.5544 12.5544 12.5544 12.5544 12.5544
12.5544 12.5544 12.5544 12.5544 12.5544
12.5544 12.5544 12.5544 12.5544 12.5544
12.5544 12.5544 12.5544 12.5544 12.5544
12.5544 12.5544 12.5544 12.5544 12.5544
12.5544 12.5544 12.5544 12.5544 12.5544
12.5544 12.5544 12.5544 12.5544 12.5544
12.5544 12.5544 12.5537 12.5537 12.5538
12.5538 12.5538 12.5538 12.5537 12.5537
12.5537 12.5536 12.5536 12.5536 12.5536
12.5536 12.5536 12.5537 12.5538 12.5539
12.5541 12.5543 12.5545 12.5547 12.5549
12.5551 12.5553 12.5555 12.5557 12.5558
12.5558 12.5559 12.5559 12.5558 12.5557
12.5241 12.5245 12.5257 12.5275 12.5289
12.5296 12.531 12.5328 12.534 12.5344
12.5356 12.5371 12.5378 12.5379 12.5387
12.5397 12.5398 12.5395 12.5398 12.5404
12.5399 12.5389 12.5386 12.5384 12.5374
12.5363 12.5358 12.5352 12.5337 12.532
12.531 12.53 12.5283 12.5266 12.5256
12.5245 12.5229 12.5213 12.5204 12.5197
12.5183 12.5169 12.5161 12.5156 12.5149
12.5141 12.5138 12.5138 12.5136 12.5133
12.5135 12.514 12.5142 12.5144 12.5153
12.5167 12.5175 12.518 12.5192 12.521
12.5221 12.5225 12.5237 12.5255 12.5269
12.5277 12.529 12.5309 12.5321 12.5326
12.5338 12.5353 12.536 12.5362 12.537
12.5381 12.5382 12.5379 12.5383 12.5389
12.5384 12.5375 12.5372 12.5372 12.5362
12.5351 12.5347 12.5335 12.532 12.5304
12.5295 12.5285 12.5269 12.5252 12.5243
12.5233 12.5216 12.5201 12.5193 12.5186
12.5174 12.5161 12.5154 12.5151 12.5145
12.514 12.514 12.5143 12.5143 12.5144
12.5149 12.5157 12.5162 12.5166 12.5176
12.5192 12.5201 12.5206 12.5218 12.5236
12.43 12.4388 12.4482 12.4578 12.4668
12.4759 12.4853 12.4946 12.503 12.511
12.519 12.5265 12.5329 12.5382 12.5429
12.5464 12.5487 12.5504 12.5516 12.5514
12.5496 12.5471 12.544 12.54 12.5347
12.5286 12.5219 12.5141 12.5057 12.4972
12.4887 12.4798 12.4705 12.4612 12.4517
12.442 12.4326 12.4239 12.4161 12.4084
12.4008 12.394 12.3883 12.3834 12.3792
12.3756 12.373 12.3711 12.3701 12.3702
12.3718 12.3742 12.3769 12.3805 12.3855
12.3912 12.3971 12.4036 12.4112 12.4196
12.4281 12.4368 12.4462 12.4557 12.4647
12.4736 12.4831 12.4923 12.5006 12.5085
12.5165 12.524 12.5303 12.5357 12.5403
12.5438 12.5461 12.5477 12.5489 12.5487
12.547 12.5445 12.5415 12.5374 12.5322
12.5261 12.5195 12.511 12.5026 12.4943
12.4859 12.4771 12.4679 12.4586 12.4493
12.4397 12.4303 12.4217 12.414 12.4065
12.399 12.3924 12.387 12.3825 12.3785
12.3753 12.3731 12.3716 12.371 12.3716
12.3736 12.3764 12.3795 12.3835 12.3889
12.3948 12.4009 12.4075 12.4153 12.4237
12.2982 12.323 12.3491 12.3759 12.4026
12.4293 12.4566 12.4838 12.5098 12.534
12.5571 12.579 12.5987 12.6157 12.6303
12.6421 12.6504 12.6554 12.658 12.6577
12.6537 12.646 12.6357 12.6227 12.6068
12.5884 12.5682 12.546 12.5216 12.496
12.4705 12.4445 12.4173 12.3897 12.363
12.3374 12.3123 12.288 12.2653 12.2439
12.2239 12.206 12.1907 12.1774 12.1654
12.1558 12.1493 12.1451 12.1427 12.1429
12.1462 12.1521 12.1596 12.1692 12.1818
12.197 12.2138 12.2321 12.2526 12.2749
12.2985 12.323 12.349 12.3757 12.4022
12.4287 12.4559 12.483 12.5087 12.5328
12.5557 12.5775 12.5971 12.614 12.6284
12.6402 12.6483 12.6533 12.6557 12.6553
12.6512 12.6435 12.6331 12.6201 12.6042
12.5857 12.5655 12.5424 12.518 12.4924
12.467 12.441 12.4139 12.3863 12.3597
12.3341 12.309 12.2847 12.262 12.2407
12.2208 12.2031 12.1881 12.1749 12.1633
12.154 12.1478 12.144 12.1421 12.1427
12.1465 12.1527 12.1606 12.1706 12.1835
12.1989 12.2158 12.2343 12.2548 12.2772
12.135 12.1805 12.2292 12.2802 12.3321
12.3849 12.439 12.4928 12.5451 12.5956
12.6442 12.6896 12.7303 12.7664 12.798
12.8239 12.8425 12.8542 12.8596 12.8581
12.849 12.8329 12.811 12.7834 12.7496
12.7106 12.6682 12.6227 12.5739 12.5227
12.4707 12.4185 12.3658 12.3133 12.2627
12.2145 12.1679 12.1233 12.0816 12.0433
12.0079 11.9756 11.9476 11.924 11.9038
11.8871 11.875 11.8675 11.8638 11.8639
11.8684 11.8776 11.8905 11.9072 11.9286
11.9544 11.9837 12.0166 12.0535 12.0938
12.1365 12.1817 12.2302 12.2809 12.3325
12.3851 12.4389 12.4925 12.5446 12.5948
12.6432 12.6884 12.7289 12.7648 12.7962
12.8219 12.8403 12.8519 12.8572 12.8556
12.8463 12.8301 12.8082 12.7805 12.7467
12.7077 12.6652 12.6188 12.57 12.5189
12.4669 12.4147 12.362 12.3096 12.259
12.2109 12.1644 12.1198 12.0782 12.04
12.0046 11.9725 11.9447 11.9214 11.9015
11.8852 11.8734 11.8664 11.8631 11.8636
11.8687 11.8783 11.8915 11.9086 11.9304
11.9564 11.9859 12.0188 12.0558 12.0962
11.9459 12.0145 12.0885 12.1669 12.2485
12.3326 12.4191 12.5069 12.5942 12.6797
12.7627 12.8413 12.9134 12.9781 13.0346
13.0811 13.1157 13.1383 13.1489 13.1469
13.1321 13.1051 13.0672 13.0185 12.9601
12.894 12.8219 12.7444 12.6628 12.5789
12.4943 12.4095 12.3255 12.244 12.1658
12.0903 12.0182 11.9509 11.8891 11.8321
11.7796 11.7326 11.6919 11.6566 11.6264
11.6021 11.5842 11.572 11.5652 11.5642
11.5698 11.5814 11.5984 11.6212 11.6506
11.6862 11.7275 11.7743 11.8273 11.8861
11.9499 12.0186 12.0925 12.171 12.2524
12.3364 12.4228 12.5104 12.5975 12.6827
12.7655 12.8437 12.9155 12.9797 13.0357
13.0817 13.1158 13.1378 13.1479 13.1454
13.13 13.1026 13.064 13.0149 12.956
12.8895 12.817 12.7382 12.6563 12.5723
12.4876 12.4027 12.3186 12.2372 12.1591
12.0837 12.0118 11.9448 11.8833 11.8266
11.7746 11.7282 11.688 11.6533 11.6238
11.6002 11.583 11.5716 11.5654 11.5652
11.5714 11.5836 11.6011 11.6243 11.6539
11.6897 11.731 11.7778 11.8307 11.8892
11.7194 11.81 11.9087 12.0147 12.127
12.245 12.3685 12.4955 12.6235 12.7513
12.8775 12.9987 13.1113 13.2136 13.3043
13.3801 13.4376 13.4763 13.4962 13.496
13.4745 13.4337 13.376 13.302 13.2128
13.1119 13.0029 12.887 12.7657 12.6423
12.5197 12.3988 12.28 12.1653 12.0565
11.9536 11.8564 11.7661 11.6834 11.608
11.5393 11.4781 11.4247 11.3785 11.3391
11.3069 11.2825 11.2655 11.2552 11.2521
11.2565 11.2685 11.2878 11.3145 11.3492
11.392 11.4423 11.5005 11.5669 11.6417
11.7243 11.8148 11.9134 12.0194 12.1316
12.2497 12.3731 12.5 12.6278 12.7555
12.8815 13.0024 13.1146 13.2165 13.3067
13.3819 13.4388 13.4768 13.4961 13.4951
13.4728 13.4313 13.3728 13.2982 13.2083
13.1069 12.9974 12.8801 12.7586 12.6351
12.5125 12.3916 12.273 12.1586 12.05
11.9474 11.8507 11.7608 11.6785 11.6035
11.5353 11.4746 11.4217 11.3761 11.3373
11.3057 11.2819 11.2654 11.2559 11.2534
11.2584 11.271 11.2908 11.318 11.3531
11.3961 11.4467 11.5049 11.5713 11.646
11.4721 11.5806 11.7008 11.8323 11.974
12.1251 12.2857 12.4539 12.6268 12.8022
12.9775 13.149 13.3118 13.4619 13.596
13.7098 13.7987 13.8606 13.8947 13.8996
13.874 13.8192 13.7387 13.6356 13.512
13.3714 13.2188 13.0586 12.8933 12.726
12.5605 12.3995 12.2441 12.0956 11.9553
11.824 11.7016 11.589 11.4865 11.3933
11.3088 11.2334 11.1679 11.1115 11.0631
11.0229 10.9918 10.9692 10.9543 10.9474
10.9497 10.9607 10.9799 11.0075 11.0448
11.092 11.1482 11.2141 11.291 11.3787
11.4765 11.585 11.7053 11.8369 11.9786
12.1298 12.2903 12.4586 12.6314 12.8066
12.9817 13.1529 13.3153 13.4649 13.5984
13.7115 13.7997 13.8607 13.8939 13.8979
13.8714 13.8156 13.7343 13.6304 13.5061
13.3648 13.2118 13.05 12.8845 12.7171
12.5517 12.3909 12.2358 12.0876 11.9478
11.8169 11.6951 11.583 11.4811 11.3885
11.3046 11.2298 11.165 11.1093 11.0615
11.022 10.9916 10.9697 10.9555 10.9494
10.9523 10.9639 10.9836 11.0117 11.0494
11.0968 11.1532 11.2192 11.296 11.3834
11.2177 11.3409 11.4792 11.6327 11.8007
11.9829 12.1794 12.3888 12.6077 12.8333
13.0624 13.2902 13.5098 13.7155 13.9022
14.0633 14.1923 14.2854 14.3409 14.3567
14.331 14.2653 14.1639 14.0308 13.8697
13.6861 13.4871 13.2781 13.0636 12.8484
12.6374 12.4331 12.2371 12.052 11.8796
11.7195 11.5711 11.4352 11.3122 11.201
11.1007 11.0118 10.9345 10.8674 10.8094
10.7609 10.7227 10.6939 10.6738 10.6628
10.6617 10.6702 10.6876 10.7147 10.7526
10.8016 10.8611 10.9321 11.016 11.113
11.2228 11.3461 11.4845 11.638 11.8061
11.9883 12.1849 12.3943 12.6132 12.8386
13.0675 13.295 13.5142 13.7194 13.9054
14.0658 14.1939 14.2861 14.3407 14.3555
14.3288 14.2621 14.1598 14.0259 13.8639
13.6798 13.4802 13.2695 13.0548 12.8397
12.6287 12.4246 12.229 12.0443 11.8724
11.7129 11.5651 11.4297 11.3074 11.1969
11.0973 11.0091 10.9325 10.8662 10.8089
10.7611 10.7236 10.6957 10.6763 10.666
10.6656 10.6747 10.6926 10.7201 10.7584
10.8076 10.8672 10.9381 11.0218 11.1185
10.9548 11.0888 11.2415 11.4129 11.6029
11.8123 12.0416 12.2891 12.5523 12.8286
13.1142 13.4021 13.6838 13.9518 14.1979
14.413 14.5891 14.7211 14.8053 14.8383
14.819 14.7491 14.6323 14.4724 14.275
14.0482 13.8007 13.5398 13.2725 13.006
12.7459 12.4953 12.2568 12.0328 11.8252
11.6342 11.4591 11.2999 11.1565 11.0275
10.9118 10.8094 10.7198 10.6419 10.5747
10.5185 10.4734 10.4384 10.4125 10.3965
10.3912 10.396 10.4103 10.4353 10.472
10.5205 10.5806 10.6535 10.7409 10.8431
10.9603 11.0944 11.2472 11.4187 11.6087
11.8181 12.0475 12.295 12.5581 12.8342
13.1196 13.4071 13.6884 13.9559 14.2013
14.4156 14.5908 14.7219 14.8051 14.8371
14.8167 14.7458 14.6279 14.4671 14.2688
14.0414 13.7933 13.5306 13.2632 12.9966
12.7366 12.4863 12.2482 12.0247 11.8178
11.6274 11.4531 11.2947 11.1521 11.0239
10.909 10.8074 10.7186 10.6415 10.5751
10.5196 10.4753 10.441 10.4159 10.4006
10.396 10.4014 10.4163 10.4416 10.4787
10.5274 10.5875 10.6603 10.7475 10.8494
10.6814 10.8219 10.9841 11.1688 11.3759
11.6077 11.8659 12.149 12.4539 12.7786
13.1196 13.4685 13.8143 14.1472 14.457
14.732 14.961 15.1376 15.2573 15.3158
15.3106 15.2435 15.1188 14.9403 14.7132
14.4471 14.1534 13.8417 13.5199 13.1976
12.8837 12.5838 12.2995 12.0339 11.7899
11.5671 11.3636 11.1791 11.0141 10.867
10.7351 10.6177 10.5156 10.4274 10.3507
10.2854 10.2324 10.1906 10.1583 10.1362
10.1258 10.1264 10.1366 10.1577 10.1919
10.2389 10.2977 10.3701 10.4589 10.5645
10.6865 10.8272 10.9896 11.1745 11.3818
11.6137 11.872 12.1552 12.4601 12.7846
13.1254 13.474 13.8193 14.1515 14.4606
14.7347 14.9628 15.1383 15.2568 15.3143
15.3079 15.2397 15.1139 14.9345 14.7065
14.4396 14.1454 13.8318 13.5098 13.1875
12.8738 12.5742 12.2904 12.0254 11.782
11.5599 11.3572 11.1735 11.0093 10.8631
10.732 10.6155 10.5143 10.427 10.3512
10.2867 10.2345 10.1936 10.1622 10.1409
10.1311 10.1323 10.143 10.1646 10.199
10.2462 10.3049 10.3771 10.4656 10.5708
10.4088 10.5529 10.7206 10.914 11.1345
11.3841 11.665 11.9776 12.3205 12.6911
13.085 13.4934 13.9048 14.3058 14.6824
15.0198 15.3048 15.5288 15.6869 15.7758
15.793 15.7391 15.6172 15.431 15.1856
14.8898 14.5553 14.1941 13.8177 13.4385
13.0679 12.7138 12.3802 12.07 11.7856
11.5272 11.2931 11.0821 10.8935 10.7259
10.5767 10.4448 10.3299 10.2303 10.1439
10.0697 10.0081 9.9588 9.9203 9.8923
9.8759 9.8713 9.878 9.896 9.9264
9.9698 10.0263 10.0973 10.1848 10.2899
10.4134 10.5576 10.7255 10.9192 11.1399
11.3897 11.6708 11.9836 12.3266 12.6972
13.0909 13.4991 13.9101 14.3105 14.6865
15.0231 15.3071 15.53 15.6871 15.7748
15.7908 15.7357 15.6126 15.4254 15.1791
14.8825 14.5473 14.1841 13.8075 13.4283
13.0579 12.7041 12.371 12.0613 11.7775
11.5198 11.2864 11.0761 10.8884 10.7215
10.5731 10.442 10.3279 10.2291 10.1435
10.0702 10.0095 9.961 9.9234 9.8962
9.8806 9.8768 9.8841 9.9027 9.9336
9.9772 10.0339 10.1048 10.1921 10.2967
10.14 10.2846 10.4546 10.6531 10.8821
11.1441 11.4428 11.7801 12.1557 12.5676
13.0117 13.4791 13.9551 14.4226 14.8642
15.2626 15.6025 15.874 16.0727 16.1956
16.2407 16.2086 16.1018 15.9221 15.6722
15.3595 14.9959 14.5943 14.1683 13.7336
13.3053 12.8938 12.5051 12.1442 11.8148
11.5168 11.248 11.0073 10.7938 10.6047
10.4369 10.289 10.1602 10.0483 9.9511
9.8678 9.7983 9.7415 9.6963 9.6628
9.6414 9.6317 9.6332 9.6466 9.673
9.7125 9.7653 9.8328 9.9175 10.0209
10.1439 10.2888 10.4591 10.658 10.8873
11.1497 11.4486 11.7861 12.1618 12.5736
13.0176 13.4847 13.9603 14.4273 14.8683
15.2659 15.6049 15.8753 16.0729 16.1946
16.2386 16.2054 16.0973 15.9166 15.6658
15.3523 14.988 14.584 14.1577 13.7229
13.2947 12.8833 12.4949 12.1344 11.8056
11.5081 11.24 11.0 10.7873 10.599
10.432 10.285 10.1571 10.0461 9.9499
9.8676 9.7992 9.7435 9.6992 9.6667
9.6462 9.6374 9.6396 9.6536 9.6804
9.7201 9.773 9.8403 9.9247 10.0275
9.8815 10.024 10.1935 10.3929 10.6254
10.8949 11.2064 11.563 11.9657 12.4141
12.9039 13.4254 13.9626 14.4959 15.003
15.4616 15.8544 16.1714 16.4086 16.5647
16.6398 16.6354 16.5529 16.3922 16.1538
15.8424 15.4662 15.0369 14.57 14.084
13.5974 13.1248 12.6768 12.2607 11.8808
11.538 11.2306 10.9572 10.7158 10.5031
10.3158 10.1513 10.0082 9.8841 9.7765
9.6841 9.6066 9.5431 9.4923 9.4534
9.4265 9.4114 9.4076 9.4156 9.4368
9.4717 9.5204 9.5842 9.6649 9.7642
9.8837 10.0266 10.1964 10.3963 10.6291
10.8991 11.211 11.5678 11.9707 12.4191
12.9089 13.4302 13.9671 14.4999 15.0063
15.4643 15.8561 16.1721 16.4083 16.5632
16.6371 16.6316 16.548 16.3862 16.147
15.8348 15.458 15.0264 14.5593 14.0732
13.5867 13.1144 12.6667 12.251 11.8717
11.5295 11.2228 10.9501 10.7094 10.4975
10.3109 10.1473 10.0051 9.8819 9.7753
9.6839 9.6075 9.5451 9.4953 9.4574
9.4316 9.4174 9.4143 9.423 9.4447
9.4799 9.5287 9.5923 9.6727 9.7714
9.6294 9.7676 9.9336 10.1314 10.3643
10.6376 10.9573 11.328 11.7525 12.2321
12.7638 13.3367 13.9327 14.5283 15.0969
15.6122 16.0534 16.4107 16.6821 16.8687
16.9724 16.9966 16.9438 16.8128 16.6014
16.3097 15.9421 15.5062 15.0149 14.4878
13.9476 13.4144 12.9033 12.4256 11.9888
11.5959 11.2455 10.9349 10.6616 10.4225
10.2135 10.0311 9.8729 9.7362 9.6179
9.5163 9.4309 9.3603 9.3029 9.2578
9.2254 9.2056 9.1974 9.2007 9.2168
9.2461 9.2888 9.3465 9.4217 9.5162
9.6313 9.7699 9.9364 10.1345 10.3679
10.6416 10.9617 11.3327 11.7574 12.2372
12.7688 13.3416 13.9373 14.5325 15.1007
15.6152 16.0557 16.4121 16.6825 16.868
16.9706 16.9938 16.9398 16.8077 16.5954
16.3029 15.9346 15.496 15.0044 14.4771
13.9369 13.4038 12.8929 12.4155 11.9791
11.5867 11.2368 10.9268 10.6543 10.4159
10.2077 10.0262 9.869 9.7332 9.616
9.5155 9.4313 9.3619 9.3057 9.2617
9.2305 9.2117 9.2043 9.2084 9.225
9.2547 9.2976 9.3551 9.43 9.5239
9.3814 9.5132 9.6743 9.8683 10.0989
10.3723 10.6967 11.0776 11.5189 12.0238
12.5912 13.2111 13.863 14.5192 15.1473
15.7153 16.2 16.5918 16.8911 17.1014
17.2289 17.2801 17.259 17.1637 16.9897
16.7337 16.3941 15.9724 15.4771 14.9263
14.3442 13.7549 13.1799 12.637 12.1382
11.6886 11.2883 10.9358 10.628 10.36
10.1265 9.9238 9.7498 9.6005 9.4718
9.3606 9.2666 9.1885 9.1241 9.0725
9.0343 9.0092 8.9955 8.9931 9.0033
9.0266 9.0628 9.1138 9.1826 9.2707
9.3794 9.5119 9.6738 9.8687 10.1001
10.3744 10.6995 11.0811 11.5229 12.0281
12.5957 13.2156 13.8674 14.5233 15.1509
15.7184 16.2024 16.5934 16.8917 17.1011
17.2274 17.2777 17.2555 17.1592 16.9844
16.7275 16.3873 15.9629 15.4672 14.9164
14.3342 13.7449 13.1701 12.6276 12.1291
11.6799 11.2801 10.9281 10.6209 10.3538
10.1211 9.9193 9.7463 9.5983 9.4708
9.361 9.2684 9.1917 9.1288 9.0787
9.0419 9.018 9.0055 9.004 9.0149
9.0386 9.075 9.126 9.1943 9.2819
9.1496 9.2749 9.4297 9.6177 9.8436
10.1148 10.4397 10.8258 11.2798 11.8067
12.4069 13.071 13.777 14.4915 15.1753
15.7919 16.3159 16.7373 17.0587 17.2889
17.4372 17.5113 17.5166 17.4538 17.3191
17.1068 16.8111 16.4275 15.9558 15.406
14.7992 14.163 13.5257 12.9132 12.3457
11.8337 11.3792 10.9802 10.6334 10.3333
10.0736 9.8495 9.6572 9.4926 9.3516
9.2318 9.1311 9.0463 8.9747 8.9163
8.8715 8.8392 8.8186 8.8104 8.8153
8.8329 8.8627 8.907 8.9682 9.0481
9.1489 9.2749 9.4303 9.619 9.8456
10.1175 10.4429 10.8295 11.2838 11.811
12.4112 13.0752 13.7811 14.4952 15.1786
15.7948 16.3182 16.7389 17.0595 17.2888
17.4362 17.5094 17.5138 17.4501 17.3146
17.1016 16.8053 16.4186 15.9467 15.3967
14.7898 14.1535 13.5161 12.9037 12.3363
11.8244 11.3701 10.9715 10.625 10.3255
10.0664 9.843 9.6517 9.4881 9.3482
9.2296 9.1303 9.0469 8.9767 8.9197
8.8762 8.8451 8.8256 8.8183 8.8238
8.8417 8.8717 8.9158 8.9767 9.0559
8.9311 9.0481 9.1944 9.3747 9.5946
9.8613 10.1839 10.5719 11.0345 11.5788
12.2066 12.9097 13.6653 14.4359 15.1744
15.8367 16.3943 16.8387 17.1761 17.4186
17.5795 17.6703 17.6987 17.6662 17.5697
17.4037 17.1602 16.8289 16.4018 15.8794
15.2747 14.6127 13.9264 13.2503 12.6134
12.0335 11.5179 11.0667 10.6762 10.3404
10.052 9.8046 9.5931 9.413 9.2599
9.1298 9.0192 8.9253 8.8462 8.7808
8.7287 8.6893 8.6621 8.647 8.6442
8.654 8.6765 8.713 8.7659 8.8374
8.9302 9.0479 9.195 9.3761 9.5967
9.8642 10.1874 10.5759 11.0389 11.5834
12.2114 12.9144 13.6698 14.44 15.178
15.8398 16.3968 16.8405 17.1771 17.4188
17.5788 17.6688 17.6963 17.663 17.5657
17.3991 17.155 16.8205 16.3931 15.8705
15.2658 14.6037 13.9172 13.241 12.6039
12.0239 11.5083 11.0571 10.6668 10.3313
10.0432 9.7964 9.5857 9.4066 9.2547
9.1259 9.0168 8.9246 8.847 8.7834
8.7329 8.695 8.6692 8.6552 8.6532
8.6635 8.6862 8.7228 8.7752 8.8461
8.7248 8.8318 8.9678 9.1384 9.3499
9.61 9.9285 10.316 10.7833 11.3399
11.9906 12.7288 13.5304 14.3532 15.1434
15.8492 16.4372 16.8997 17.2471 17.4965
17.6642 17.7651 17.81 17.8023 17.7395
17.6169 17.4258 17.1528 16.7836 16.3103
15.7359 15.0766 14.3631 13.6362 12.9354
12.2879 11.7076 11.1988 10.7597 10.3838
10.0627 9.7893 9.5572 9.3597 9.1909
9.0471 8.9255 8.8222 8.7344 8.6609
8.6014 8.5546 8.5191 8.4953 8.4843
8.4864 8.5017 8.5309 8.5763 8.6399
8.724 8.8319 8.9688 9.1404 9.3528
9.6137 9.9329 10.321 10.7887 11.3455
11.9963 12.7343 13.5355 14.3579 15.1476
15.8527 16.4401 16.9017 17.2483 17.4968
17.6636 17.7638 17.8078 17.7992 17.7358
17.6126 17.421 17.1445 16.7751 16.3017
15.7272 15.0678 14.3541 13.627 12.926
12.2783 11.6978 11.1889 10.7499 10.3741
10.0535 9.7807 9.5494 9.353 9.1856
9.0434 8.9234 8.8221 8.7362 8.6646
8.6069 8.5618 8.5278 8.5052 8.4951
8.4977 8.5131 8.5421 8.5868 8.6496
8.526 8.6232 8.7496 8.9099 9.1104
9.3604 9.6714 10.0554 10.5246 11.0911
11.7626 12.5339 13.3803 14.2545 15.0939
15.838 16.4499 16.9241 17.2764 17.5282
17.6993 17.8067 17.8629 17.8731 17.8367
17.7502 17.606 17.3907 17.0877 16.6821
16.1653 15.541 14.8308 14.0753 13.3218
12.6095 11.9622 11.391 10.8976 10.4763
10.1181 9.8143 9.5576 9.3403 9.155
8.9964 8.8611 8.7457 8.647 8.5637
8.4951 8.4395 8.3952 8.3625 8.3423
8.335 8.3404 8.3603 8.3967 8.4511
8.5255 8.6237 8.7512 8.9127 9.1142
9.3651 9.6768 10.0614 10.5309 11.0975
11.7688 12.5398 13.3856 14.2593 15.0978
15.8412 16.4523 16.9257 17.2771 17.5281
17.6984 17.805 17.8606 17.8702 17.8335
17.7466 17.602 17.3831 17.08 16.6744
16.1576 15.533 14.8225 14.0666 13.3126
12.5996 11.9518 11.3801 10.8863 10.4649
10.1068 9.8034 9.5475 9.3313 9.1474
8.9905 8.8573 8.744 8.6476 8.5666
8.5002 8.4466 8.404 8.3725 8.3533
8.3464 8.3518 8.3712 8.4066 8.4598
8.3425 8.4284 8.543 8.6916 8.8806
9.12 9.4227 9.8013 10.2695 10.8422
11.5307 12.3322 13.2208 14.144 15.0299
15.8096 16.4424 16.9248 17.2773 17.5263
17.6957 17.8048 17.8673 17.8899 17.8737
17.817 17.7137 17.5516 17.3145 16.9841
16.5434 15.9831 15.3116 14.5603 13.7771
13.0109 12.2992 11.6632 11.1101 10.6368
10.235 9.8951 9.6083 9.3658 9.1594
8.9827 8.8313 8.7014 8.5898 8.4943
8.4142 8.3479 8.2935 8.2509 8.221
8.2038 8.199 8.2084 8.2346 8.279
8.3429 8.4299 8.5457 8.6954 8.8855
9.1259 9.4293 9.8084 10.2769 10.8497
11.538 12.3392 13.2272 14.1497 15.0348
15.8137 16.4457 16.9271 17.2787 17.5269
17.6954 17.8037 17.8657 17.8876 17.871
17.8139 17.7103 17.5442 17.307 16.9765
16.5358 15.9753 15.3034 14.5516 13.7677
13.0008 12.2883 11.6516 11.098 10.6244
10.2226 9.8831 9.597 9.3556 9.1508
8.976 8.8268 8.6994 8.5902 8.4973
8.4195 8.3553 8.3028 8.2615 8.2324
8.2154 8.2105 8.219 8.244 8.2868
8.1696 8.2437 8.3457 8.4811 8.6582
8.8871 9.1803 9.5516 10.0173 10.5945
11.296 12.1226 13.0507 14.0223 14.9534
15.7653 16.4149 16.902 17.2519 17.4958
17.6607 17.7681 17.8323 17.8612 17.8586
17.8244 17.7538 17.6368 17.4597 17.205
16.8516 16.3805 15.7843 15.0778 14.2999
13.5029 12.7366 12.0353 11.4159 10.8815
10.4271 10.0433 9.7194 9.4454 9.2125
9.0137 8.8434 8.6966 8.5697 8.4602
8.3663 8.2865 8.2193 8.1645 8.1221
8.0923 8.0757 8.0736 8.0878 8.1198
8.1717 8.247 8.3501 8.4868 8.6649
8.8948 9.1886 9.5604 10.0264 10.6034
11.3045 12.1306 13.0579 14.0285 14.9587
15.7696 16.4182 16.9043 17.2534 17.4963
17.6605 17.7673 17.8311 17.8597 17.8568
17.8225 17.7517 17.6305 17.4535 17.1987
16.8452 16.3739 15.7771 15.0698 14.2908
13.4927 12.7252 12.0228 11.4024 10.8674
10.4128 10.0292 9.706 9.4333 9.2022
9.0057 8.838 8.6942 8.5704 8.4639
8.3729 8.2956 8.2304 8.177 8.1354
8.1056 8.0883 8.085 8.0973 8.127
8.0068 8.0669 8.1546 8.2762 8.4399
8.6565 8.9386 9.302 9.7645 10.3445
11.0574 11.9075 12.8728 13.8903 14.8651
15.7074 16.3704 16.8577 17.201 17.436
17.5929 17.695 17.758 17.7906 17.7973
17.7796 17.7343 17.6541 17.528 17.3407
17.0719 16.6987 16.2032 15.5816 14.8541
14.0641 13.2665 12.5098 11.8246 11.2237
10.7076 10.2697 9.8999 9.5872 9.3213
9.0946 8.9005 8.7335 8.5882 8.461
8.3501 8.254 8.1711 8.1004 8.0424
7.9978 7.9676 7.9525 7.9537 7.9725
8.0109 8.0723 8.1613 8.2842 8.4491
8.6666 8.9494 9.3132 9.7757 10.3554
11.0676 11.9168 12.8808 13.8971 14.8707
15.7117 16.3735 16.8597 17.2019 17.436
17.5922 17.6938 17.7564 17.7888 17.7955
17.7778 17.7326 17.6479 17.5219 17.3347
17.0657 16.6921 16.1958 15.5733 14.8444
14.053 13.2539 12.4958 11.8094 11.2076
10.6911 10.2535 9.8846 9.5734 9.3098
9.0858 8.895 8.7315 8.5898 8.4663
8.3587 8.2654 8.1847 8.1154 8.0579
8.0131 7.9817 7.9646 7.9631 7.9786
7.8391 7.8835 7.9564 8.0638 8.2139
8.4183 8.6909 9.047 9.5046 10.0848
10.807 11.6791 12.6792 13.7398 14.7557
15.626 16.299 16.7823 17.1155 17.34
17.4875 17.5825 17.6421 17.6759 17.688
17.6809 17.6542 17.6029 17.5177 17.3865
17.1933 16.9165 16.5325 16.025 15.3941
14.6627 13.8753 13.0868 12.3447 11.6769
11.0923 10.5899 10.1635 9.8032 9.4971
9.2354 9.0108 8.8165 8.6465 8.4967
8.3648 8.2478 8.1435 8.0524 7.9757
7.9135 7.8654 7.8334 7.8189 7.8226
7.8454 7.8915 7.966 8.0748 8.2261
8.4314 8.7045 9.0606 9.518 10.0974
10.8185 11.6891 12.6877 13.7465 14.7606
15.6292 16.3006 16.7824 17.1144 17.3378
17.4846 17.579 17.6384 17.6721 17.6843
17.6775 17.6511 17.5951 17.5103 17.3793
17.1859 16.9086 16.5238 16.0152 15.3828
14.6498 13.8607 13.0706 12.3271 11.6583
11.0735 10.5715 10.1464 9.788 9.4847
9.2264 9.0058 8.8158 8.6501 8.5045
8.3764 8.2626 8.1605 8.0707 7.9943
7.9311 7.8811 7.8461 7.828 7.8274
7.6725 7.7002 7.7575 7.8504 7.9874
8.18 8.442 8.7894 9.2419 9.8217
10.55 11.4388 12.4699 13.5718 14.6273
15.5227 16.2025 16.6796 17.0016 17.2142
17.3515 17.4391 17.4946 17.5274 17.5423
17.5426 17.5286 17.4968 17.4413 17.354
17.2222 17.0273 16.7481 16.3636 15.8591
15.2346 14.5142 13.7433 12.9747 12.2513
11.5991 11.0281 10.5374 10.1193 9.763
9.4583 9.1964 8.9691 8.7688 8.5904
8.4302 8.2849 8.1531 8.0353 7.9329
7.8464 7.7764 7.724 7.6904 7.6755
7.6809 7.7105 7.7695 7.8639 8.0022
8.1958 8.4582 8.8056 9.2576 9.8363
10.5633 11.4504 12.4794 13.5792 14.6327
15.5261 16.2041 16.6796 17.0002 17.2118
17.3483 17.4354 17.4908 17.5238 17.539
17.5398 17.5262 17.4895 17.4347 17.3478
17.2158 17.0205 16.7403 16.3545 15.8482
15.2218 14.4993 13.7265 12.9563 12.2319
11.5793 11.0088 10.5195 10.1038 9.7507
9.45 9.1927 8.9703 8.775 8.6013
8.4452 8.3034 8.1739 8.0572 7.9545
7.8665 7.7935 7.7371 7.6985 7.6781
7.4935 7.5043 7.5459 7.6242 7.7483
7.9301 8.1828 8.5221 8.9686 9.5459
10.2783 11.1825 12.2436 13.3857 14.4774
15.3926 16.0743 16.5427 16.8517 17.051
17.1773 17.2577 17.3092 17.3403 17.3565
17.3616 17.3561 17.3371 17.3018 17.2453
17.1585 17.0272 16.8349 16.5624 16.1894
15.702 15.101 14.4096 13.6692 12.9282
12.2275 11.5926 11.0339 10.5509 10.1362
9.7799 9.4724 9.2039 8.9654 8.7494
8.5511 8.3675 8.1976 8.0432 7.9066
7.7887 7.69 7.6122 7.5562 7.5215
7.5087 7.5216 7.5651 7.645 7.7702
7.9527 8.2054 8.5442 8.9895 9.5652
10.2954 11.197 12.2553 13.3946 14.4836
15.3964 16.076 16.5424 16.8499 17.048
17.1736 17.2536 17.3051 17.3365 17.3532
17.359 17.354 17.3298 17.2952 17.239
17.1519 17.0198 16.8262 16.5518 16.1765
15.6866 15.0832 14.3895 13.6473 12.9051
12.2041 11.5699 11.0131 10.5331 10.1225
9.7711 9.4691 9.2066 8.974 8.7636
8.57 8.39 8.2225 8.0688 7.9314
7.8109 7.7082 7.625 7.5626 7.5207
7.3067 7.3002 7.3269 7.3927 7.5059
7.6777 7.9208 8.2515 8.6909 9.2643
9.9983 10.9143 12.0013 13.1796 14.3055
15.2393 15.9202 16.376 16.6706 16.8577
16.9741 17.0477 17.0963 17.1271 17.1438
17.1508 17.1504 17.1409 17.1189 17.0818
17.0245 16.9382 16.8101 16.6255 16.3664
16.0146 15.5574 14.9954 14.3482 13.6519
12.9493 12.2781 11.6638 11.1176 10.6398
10.2245 9.8631 9.545 9.2587 8.9947
8.7468 8.512 8.2903 8.0853 7.902
7.7427 7.6079 7.4986 7.4155 7.358
7.3259 7.3221 7.351 7.4184 7.5328
7.7049 7.9478 8.2774 8.7152 9.2861
10.0172 10.93 12.0135 13.1884 14.3111
15.2421 15.9206 16.3743 16.6672 16.8532
16.9691 17.0427 17.0916 17.123 17.1405
17.1484 17.149 17.1343 17.1133 17.0765
17.0191 16.9316 16.802 16.615 16.3531
15.9984 15.5383 14.9736 14.3243 13.6267
12.924 12.2538 11.6419 11.0995 10.6267
10.2174 9.8627 9.5517 9.2725 9.0149
8.7726 8.542 8.3227 8.1184 7.9336
7.7709 7.6308 7.5146 7.4235 7.3571
7.118 7.0947 7.1077 7.1616 7.2642
7.4262 7.6599 7.9811 8.412 8.9788
9.7106 10.6341 11.7434 12.9557 14.1138
15.0646 15.7451 16.1903 16.472 16.6483
16.7573 16.8263 16.8724 16.902 16.919
16.928 16.9307 16.9258 16.9119 16.8875
16.8495 16.7918 16.707 16.5847 16.4112
16.1709 15.8486 15.4335 14.9255 14.3386
13.701 13.0492 12.4183 11.833 11.3041
10.8332 10.4161 10.0435 9.7013 9.3768
9.0622 8.7551 8.4592 8.1832 7.9361
7.7217 7.5403 7.3926 7.2784 7.1956
7.143 7.1225 7.1378 7.1934 7.2969
7.4589 7.6917 8.0112 8.4396 9.0033
9.7314 10.6509 11.756 12.9643 14.1187
15.0664 15.7442 16.1872 16.4674 16.6427
16.7513 16.8205 16.8671 16.8976 16.9158
16.9258 16.9295 16.92 16.907 16.883
16.8445 16.7855 16.6984 16.5732 16.3963
16.1524 15.8264 15.4082 14.8977 14.3094
13.6718 13.0215 12.3938 11.8132 11.2906
10.8271 10.4183 10.0544 9.7209 9.4044
9.0965 8.7946 8.5017 8.2265 7.9777
7.7592 7.5715 7.4156 7.2916 7.1982
6.9436 6.9039 6.9045 6.9474 7.0391
7.1911 7.4151 7.7263 8.1474 8.7063
9.4344 10.3636 11.4934 12.7386 13.9283
14.895 15.5737 16.0083 16.2797 16.4485
16.5526 16.6192 16.6647 16.6949 16.713
16.7235 16.7281 16.726 16.7167 16.6999
16.6735 16.6338 16.5757 16.4929 16.376
16.2139 15.9941 15.7048 15.3381 14.8927
14.3775 13.8131 13.2293 12.6546 12.109
11.6038 11.1432 10.7212 10.3227 9.9314
9.5355 9.1331 8.7345 8.36 8.0272
7.7417 7.5023 7.3084 7.1587 7.0484
6.9744 6.9379 6.9409 6.9854 7.0778
7.2294 7.4521 7.7609 8.1789 8.7338
9.4576 10.3819 11.5069 12.7475 13.9331
14.8962 15.572 16.0044 16.2742 16.442
16.5458 16.6127 16.6589 16.6901 16.7094
16.721 16.7266 16.7209 16.7125 16.6958
16.6686 16.6268 16.5657 16.479 16.3577
16.1909 15.9664 15.673 15.3032 14.8561
14.3409 13.7786 13.1989 12.6304 12.0927
11.5972 11.1472 10.7364 10.3491 9.9681
9.5813 9.1857 8.7915 8.4185 8.0841
7.7941 7.5473 7.3437 7.1823 7.0592
6.7803 6.7263 6.7163 6.7499 6.8326
6.9745 7.1865 7.4844 7.8937 8.4438
9.1669 10.0996 11.248 12.5241 13.7427
14.7224 15.3987 15.825 16.0896 16.2547
16.3581 16.4264 16.4738 16.5049 16.5238
16.536 16.5428 16.543 16.5374 16.5263
16.5069 16.4762 16.4326 16.3722 16.2884
16.1745 16.0236 15.8256 15.5706 15.2533
14.8734 14.4367 13.9573 13.4559 12.9527
12.4628 11.9952 11.5491 11.111 10.658
10.1712 9.6505 9.1207 8.6198 8.1768
7.8012 7.4912 7.2432 7.0524 6.9116
6.8162 6.7657 6.7583 6.7933 6.8762
7.0175 7.2275 7.5224 7.9279 8.4733
9.1912 10.1185 11.2615 12.5326 13.7467
14.7229 15.3961 15.8202 16.0833 16.2478
16.3511 16.4199 16.4683 16.5005 16.5207
16.534 16.5416 16.5408 16.536 16.5246
16.5035 16.4697 16.4218 16.3561 16.2661
16.1457 15.9883 15.7848 15.5256 15.2059
14.8259 14.3918 13.9178 13.4244 12.9318
12.4546 12.0013 11.5702 11.1472 10.7085
10.2341 9.7234 9.2004 8.7027 8.2589
7.8788 7.5606 7.3012 7.0964 6.9401
6.6292 6.5595 6.5382 6.5617 6.6339
6.7653 6.9659 7.2512 7.648 8.1868
8.9014 9.8333 10.9959 12.3009 13.5494
14.5448 15.2199 15.6387 15.8992 16.0645
16.1694 16.2401 16.2915 16.3267 16.3485
16.3625 16.3715 16.3742 16.3705 16.361
16.3445 16.3188 16.2827 16.2342 16.1698
16.0851 15.9749 15.8326 15.6525 15.4299
15.1614 14.846 14.4887 14.0983 13.6858
13.2626 12.8377 12.4122 11.9721 11.4884
10.9302 10.2921 9.6122 8.9571 8.3797
7.897 7.5038 7.1936 6.9586 6.7869
6.6695 6.6034 6.5848 6.6097 6.6823
6.8126 7.0111 7.2931 7.6855 8.2191
8.928 9.854 11.0107 12.3101 13.5538
14.5453 15.2172 15.6337 15.8926 16.0572
16.1622 16.2335 16.286 16.3226 16.3456
16.3609 16.3707 16.3789 16.3757 16.3652
16.3461 16.3158 16.2733 16.2167 16.1432
16.0488 15.929 15.7781 15.5911 15.3641
15.0944 14.7816 14.4306 14.0506 13.6523
13.2463 12.8412 12.4369 12.0184 11.5555
11.0161 10.3936 9.7253 9.0769 8.501
8.0146 7.6126 7.2891 7.0371 6.8458
6.507 6.4215 6.3879 6.3995 6.4591
6.578 6.7664 7.0393 7.4234 7.9499
8.6537 9.5816 10.7546 12.0839 13.3583
14.3685 15.0464 15.4645 15.7269 15.897
16.0079 16.0842 16.14 16.1779 16.2014
16.2173 16.2286 16.2338 16.2329 16.2264
16.2127 16.1895 16.1559 16.1118 16.0558
15.9859 15.8987 15.7902 15.6573 15.4959
15.3021 15.0742 14.8138 14.5236 14.2074
13.8713 13.5209 13.1541 12.7549 12.2878
11.7074 10.9923 10.1828 9.3718 8.6449
8.0379 7.5496 7.1711 6.8902 6.688
6.5494 6.4679 6.4371 6.4502 6.5101
6.6278 6.8138 7.083 7.4623 7.9833
8.6808 9.6023 10.769 12.0923 13.3616
14.3677 15.0424 15.4581 15.719 15.8885
15.9995 16.0767 16.1338 16.1732 16.1981
16.2153 16.2274 16.2508 16.2491 16.2398
16.2206 16.189 16.1444 16.0866 16.0153
15.929 15.8255 15.7022 15.557 15.387
15.1895 14.9633 14.7109 14.4349 14.1389
13.828 13.5071 13.1726 12.8068 12.3726
11.8227 11.134 10.3453 9.5483 8.8281
8.22 7.723 7.329 7.0269 6.799
6.3912 6.2908 6.2477 6.252 6.3041
6.4135 6.5892 6.8454 7.2104 7.7178
8.4047 9.3236 10.5039 11.8574 13.1598
14.1868 14.8685 15.2862 15.5503 15.7245
15.8412 15.9253 15.989 16.0335 16.0628
16.0839 16.0981 16.1038 16.1025 16.0955
16.0814 16.0588 16.0285 15.9896 15.9403
15.8793 15.8048 15.7132 15.6028 15.4734
15.3229 15.1495 14.954 14.7373 14.499
14.2399 13.961 13.6578 13.3137 12.8944
12.3462 11.6257 10.7531 9.8257 8.96
8.2241 7.6319 7.1749 6.8376 6.5974
6.4346 6.3382 6.2981 6.3041 6.3564
6.4648 6.638 6.8905 7.2508 7.7525
8.4331 9.3454 10.5191 11.8666 13.1637
14.1864 14.8647 15.2799 15.5425 15.716
15.8329 15.9178 15.9827 16.0287 16.0595
16.0819 16.097 16.1455 16.1383 16.122
16.0941 16.0531 15.9997 15.9335 15.8537
15.7604 15.6535 15.5317 15.3953 15.246
15.0838 14.9083 14.7211 14.5236 14.315
14.0951 13.8633 13.6128 13.3246 12.9614
12.4665 11.7938 10.9609 10.0629 9.2149
8.4846 7.8858 7.4109 7.0458 6.77
6.2862 6.1708 6.1165 6.1114 6.154
6.2522 6.4141 6.6543 7.0015 7.489
8.1551 9.058 10.2362 11.6044 12.9279
13.9688 14.6547 15.0753 15.346 15.5288
15.6534 15.7449 15.8156 15.8657 15.8989
15.9228 15.9389 15.946 15.9466 15.9421
15.9297 15.9081 15.8793 15.8426 15.7958
15.739 15.6713 15.59 15.4941 15.3846
15.26 15.1183 14.9608 14.7881 14.5971
14.3867 14.1586 13.9073 13.6152 13.2532
12.7719 12.1115 11.2543 10.2713 9.293
8.4289 7.726 7.1865 6.7925 6.516
6.3306 6.2194 6.1682 6.1649 6.2079
6.305 6.4644 6.7008 7.043 7.5246
8.1841 9.08 10.2514 11.6132 12.9312
13.9676 14.65 15.0679 15.3369 15.5191
15.6439 15.7363 15.8084 15.8601 15.8949
15.9202 15.9373 16.0221 15.9886 15.9432
15.8815 15.8016 15.7053 15.593 15.4645
15.3228 15.1706 15.0093 14.8423 14.6748
14.509 14.3459 14.189 14.0398 13.8946
13.7506 13.6065 13.4526 13.2664 13.0133
12.6382 12.0757 11.3032 10.3875 9.4562
8.617 7.917 7.3595 6.929 6.601
6.1762 6.0477 5.9841 5.9705 6.0045
6.0928 6.2415 6.4646 6.7913 7.2546
7.8923 8.7678 9.93 11.2986 12.6318
13.68 14.3687 14.793 15.0716 15.2634
15.3957 15.4941 15.5707 15.6242 15.6592
15.6854 15.7042 15.7132 15.7154 15.713
15.702 15.681 15.6527 15.6174 15.5726
15.5191 15.4575 15.3847 15.299 15.2025
15.0941 14.9711 14.8351 14.6884 14.5268
14.3468 14.1504 13.9345 13.6825 13.3695
12.9564 12.3827 11.5999 10.6335 9.5958
8.6245 7.8127 7.1896 6.7394 6.427
6.22 6.0958 6.0353 6.0235 6.0581
6.1453 6.2916 6.511 6.8328 7.2902
7.9213 8.7898 9.945 11.3071 12.6345
13.6781 14.3628 14.7842 15.061 15.2519
15.3842 15.4833 15.5612 15.6164 15.6531
15.6808 15.7007 15.7104 15.7126 15.7095
15.6974 15.6747 15.6444 15.6069 15.5601
15.5048 15.4418 15.3684 15.2829 15.1873
15.0807 14.9601 14.827 14.6834 14.5249
14.3475 14.1531 13.9381 13.6858 13.3709
12.9543 12.3755 11.586 10.6114 9.5642
8.5825 7.7598 7.1259 6.6655 6.3439
6.0813 5.9421 5.8709 5.85 5.8768
5.9564 6.0919 6.2959 6.5979 7.0297
7.6282 8.4609 9.5863 10.9316 12.2549
13.3004 13.9883 14.4136 14.6959 14.8932
15.0308 15.1335 15.2137 15.2701 15.3069
15.3347 15.355 15.3649 15.367 15.3647
15.3546 15.3348 15.3082 15.2762 15.2361
15.1878 15.1325 15.0673 14.9899 14.902
14.8044 14.6952 14.5751 14.4464 14.3054
14.1473 13.9726 13.7801 13.5562 13.2794
12.9212 12.4329 11.7547 10.8669 9.8362
8.7994 7.8936 7.1919 6.6914 6.349
6.1238 5.9888 5.9208 5.9019 5.9294
6.0082 6.1416 6.3421 6.6394 7.0656
7.6577 8.4835 9.6018 10.9406 12.2581
13.2987 13.9827 14.4048 14.685 14.8813
15.0186 15.1218 15.2031 15.261 15.2995
15.3287 15.3501 15.3606 15.3628 15.36
15.3488 15.3273 15.2988 15.2646 15.2224
15.1723 15.1156 15.0496 14.9722 14.8851
14.789 14.682 14.5647 14.4389 14.301
14.1455 13.973 13.7817 13.5576 13.2794
12.9181 12.4252 11.7409 10.8455 9.806
8.7593 7.8431 7.131 6.6207 6.2693
5.9712 5.8263 5.7524 5.7272 5.7467
5.8175 5.9404 6.1246 6.3989 6.7945
7.3443 8.1149 9.1722 10.4556 11.7312
12.7456 13.4173 13.8365 14.1175 14.3144
14.4515 14.5538 14.634 14.6901 14.7263
14.7534 14.7736 14.7837 14.7861 14.7843
14.7762 14.7592 14.7353 14.7061 14.6703
14.6278 14.5787 14.5207 14.4518 14.3732
14.2857 14.1882 14.0821 13.9685 13.8443
13.7045 13.5481 13.3737 13.1716 12.9252
12.6116 12.1937 11.6179 10.8418 9.8831
8.848 7.8937 7.1393 6.6068 6.2478
6.012 5.8709 5.7998 5.7764 5.7965
5.8665 5.9875 6.1683 6.4381 6.8283
7.372 8.1359 9.1864 10.4634 11.7332
12.7427 13.4104 13.8264 14.105 14.3006
14.4372 14.5399 14.6209 14.6783 14.716
14.7443 14.7656 14.7765 14.7789 14.7768
14.7677 14.7492 14.7236 14.6925 14.6549
14.6107 14.5604 14.5017 14.4328 14.355
14.269 14.1737 14.0702 13.9596 13.8384
13.7014 13.5471 13.374 13.1722 12.9247
12.6086 12.1867 11.6055 10.8226 9.856
8.812 7.8482 7.0842 6.5424 6.1751
5.7913 5.6467 5.5716 5.5433 5.557
5.619 5.7286 5.8916 6.1348 6.4879
6.9786 7.6662 8.6159 9.7813 10.9524
11.8943 12.5257 12.9242 13.1924 13.3808
13.5123 13.6097 13.6848 13.7371 13.7709
13.7958 13.8141 13.8242 13.8284 13.8287
13.8221 13.8069 13.7858 13.7605 13.7296
13.6926 13.65 13.6 13.5406 13.4718
13.3948 13.3106 13.2197 13.1214 13.0126
12.8906 12.7535 12.5981 12.4175 12.1996
11.9255 11.567 11.084 10.4312 9.5933
8.6358 7.7068 6.9513 6.4174 6.0623
5.8293 5.6883 5.6158 5.5893 5.6037
5.665 5.7729 5.9329 6.172 6.5201
7.0051 7.6864 8.6297 9.7888 10.9543
11.8913 12.5186 12.9137 13.1794 13.3662
13.497 13.5944 13.6699 13.7232 13.7582
13.7841 13.8033 13.8139 13.8181 13.818
13.8104 13.7939 13.7711 13.744 13.7113
13.6727 13.6289 13.5783 13.5189 13.4508
13.3753 13.2931 13.2047 13.1093 13.0035
12.8842 12.7494 12.5956 12.4156 12.197
11.9209 11.5591 11.0716 10.4131 9.5683
8.6031 7.6658 6.9017 6.3597 5.9971
5.5924 5.4549 5.3822 5.3545 5.364
5.4156 5.5107 5.6532 5.8639 6.1685
6.5918 7.181 7.9879 8.977 9.9787
10.7976 11.3591 11.7208 11.966 12.1383
12.2582 12.3461 12.4133 12.4603 12.4902
12.5111 12.5267 12.5364 12.5409 12.5408
12.5349 12.5229 12.5063 12.4855 12.4597
12.4293 12.3942 12.3523 12.3024 12.2445
12.1789 12.1066 12.0293 11.946 11.853
11.7478 11.63 11.496 11.3391 11.1505
10.9167 10.6158 10.2172 9.6842 8.9931
8.1793 7.3591 6.6695 6.1739 5.8441
5.6269 5.4923 5.4218 5.3955 5.4056
5.4567 5.5502 5.6901 5.8972 6.1975
6.6158 7.1994 8.0007 8.9842 9.9809
10.7954 11.3531 11.7115 11.9544 12.125
12.2439 12.3315 12.3989 12.4464 12.477
12.4987 12.5147 12.5246 12.5289 12.5283
12.5214 12.508 12.4898 12.4672 12.4397
12.4079 12.3715 12.329 12.279 12.2217
12.1572 12.0867 12.0116 11.9309 11.8405
11.7379 11.6222 11.4898 11.3337 11.1449
10.9098 10.6064 10.2043 9.6668 8.9703
8.1503 7.3234 6.6269 6.1245 5.7886
5.3624 5.2632 5.1919 5.1565 5.1667
5.2158 5.2889 5.3837 5.5218 5.7414
6.083 6.5736 7.213 7.9592 8.725
9.4022 9.9081 10.2277 10.4128 10.5393
10.6538 10.7558 10.8236 10.8516 10.8609
10.8777 10.9065 10.93 10.9317 10.9148
10.8968 10.889 10.8857 10.8762 10.8601
10.8484 10.8472 10.8454 10.823 10.7703
10.6971 10.6198 10.5432 10.4569 10.3501
10.2257 10.0957 9.9657 9.8265 9.6626
9.4644 9.2246 8.923 8.5234 7.9999
7.3748 6.7296 6.169 5.7627 5.511
5.3625 5.2632 5.1919 5.1565 5.1666
5.2157 5.2888 5.3836 5.5216 5.7412
6.0826 6.573 7.2123 7.9584 8.7243
9.4016 9.9077 10.2274 10.4127 10.5392
10.6537 10.7557 10.8236 10.8515 10.8609
10.8776 10.9065 10.93 10.9317 10.9148
10.8968 10.889 10.8857 10.8762 10.8601
10.8484 10.8472 10.8455 10.823 10.7703
10.6972 10.6199 10.5433 10.457 10.3503
10.2258 10.0958 9.9659 9.8266 9.6628
9.4646 9.2249 8.9233 8.5238 8.0005
7.3755 6.7302 6.1695 5.763 5.5112
0.0 0.0 0.0 0.0 0.0
0.0 0.0 0.0 0.0 0.0
0.0 0.0 0.0 0.0 0.0
0.0 0.0 0.0 0.0 0.0
0.0 0.0 0.0 0.0 0.0
0.0 0.0 0.0 0.0 0.0
0.0 0.0 0.0 0.0 0.0
0.0 0.0 0.0 0.0 0.0
0.0 0.0 0.0 0.0 0.0
0.0 0.0 0.0 0.0 0.0
0.0 0.0 0.0 0.0 0.0
0.0 0.0 0.0 0.0 0.0
0.0 0.0 0.0 0.0 0.0
0.0 0.0 0.0 0.0 0.0
0.0 0.0 0.0 0.0 0.0
0.0 0.0 0.0 0.0 0.0
0.0 0.0 0.0 0.0 0.0
0.0 0.0 0.0 0.0 0.0
0.0 0.0 0.0 0.0 0.0
0.0 0.0 0.0 0.0 0.0
0.0 0.0 0.0 0.0 0.0
0.0 0.0 0.0 0.0 0.0
0.0 0.0 0.0 0.0 0.0
0.0 0.0 0.0 0.0 0.0
0.0 0.0 0.0 0.0 0.0
0.0 0.0 0.0 0.0 0.0
0.0 0.0 0.0 0.0 0.0
0.0 0.0 0.0 0.0 0.0
0.0 0.0 0.0 0.0 0.0
0.0 0.0 0.0 0.0 0.0
0.0 0.0 0.0 0.0 0.0
0.0 0.0 0.0 0.0 0.0
0.0 0.0 0.0 0.0 0.0
0.0 0.0 0.0 0.0 0.0
0.0 0.0 0.0 0.0 0.0
0.0 0.0 0.0 0.0 0.0
0.0 0.0 0.0 0.0 0.0
0.0 0.0 0.0 0.0 0.0
0.0 0.0 0.0 0.0 0.0
0.0 0.0 0.0 0.0 0.0
0.0 0.0 0.0 0.0 0.0
0.0 0.0 0.0 0.0 0.0
0.0 0.0 0.0 0.0 0.0
0.0 0.0 0.0 0.0 0.0
0.0 0.0 0.0 0.0 0.0
0.0 0.0 0.0 0.0 0.0
0.0 0.0 0.0 0.0 0.0
0.0 0.0 0.0 0.0 0.0
0.0 0.0 0.0 0.0 0.0
0.0 0.0 0.0 0.0 0.0
0.0 0.0 0.0 0.0 0.0
0.0 0.0 0.0 0.0 0.0
0.0 0.0 0.0 0.0 0.0
0.0 0.0 0.0 0.0 0.0
0.0 0.0 0.0 0.0 0.0
0.0 0.0 0.0 0.0 0.0
0.0 0.0 0.0 0.0 0.0
0.0 0.0 0.0 0.0 0.0
0.0 0.0 0.0 0.0 0.0
0.0 0.0 0.0 0.0 0.0
0.0 0.0 0.0 0.0 0.0
0.0 0.0 0.0 0.0 0.0
0.0 0.0 0.0 0.0 0.0
0.0 0.0 0.0 0.0 0.0
0.0 0.0 0.0 0.0 0.0
0.0 0.0 0.0 0.0 0.0
0.0 0.0 0.0 0.0 0.0
0.0 0.0 0.0 0.0 0.0
0.0 0.0 0.0 0.0 0.0
0.0 0.0 0.0 0.0 0.0
0.0 0.0 0.0 0.0 0.0
0.0 0.0 0.0 0.0 0.0
0.0 0.0 0.0 0.0 0.0
0.0 0.0 0.0 0.0 0.0
0.0 0.0 0.0 0.0 0.0
0.0 0.0 0.0 0.0 0.0
0.0 0.0 0.0 0.0 0.0
0.0 0.0 0.0 0.0 0.0
0.0 0.0 0.0 0.0 0.0
0.0 0.0 0.0 0.0 0.0
0.0 0.0 0.0 0.0 0.0
0.0 0.0 0.0 0.0 0.0
0.0 0.0 0.0 0.0 0.0
0.0 0.0 0.0 0.0 0.0
0.0 0.0 0.0 0.0 0.0
0.0 0.0 0.0 0.0 0.0
0.0 0.0 0.0 0.0 0.0
0.0 0.0 0.0 0.0 0.0
0.0 0.0 0.0 0.0 0.0
0.0 0.0 0.0 0.0 0.0
0.0 0.0 0.0 0.0 0.0
0.0 0.0 0.0 0.0 0.0
0.0 0.0 0.0 0.0 0.0
0.0 0.0 0.0 0.0 0.0
0.0 0.0 0.0 0.0 0.0
0.0 0.0 0.0 0.0 0.0
0.0 0.0 0.0 0.0 0.0
0.0 0.0 0.0 0.0 0.0
0.0 0.0 0.0 0.0 0.0
0.0 0.0 0.0 0.0 0.0
0.0 0.0 0.0 0.0 0.0
0.0 0.0 0.0 0.0 0.0
0.0 0.0 0.0 0.0 0.0
0.0 0.0 0.0 0.0 0.0
0.0 0.0 0.0 0.0 0.0
0.0 0.0 0.0 0.0 0.0
0.0 0.0 0.0 0.0 0.0
0.0 0.0 0.0 0.0 0.0
0.0 0.0 0.0 0.0 0.0
0.0 0.0 0.0 0.0 0.0
0.0 0.0 0.0 0.0 0.0
0.0 0.0 0.0 0.0 0.0
0.0 0.0 0.0 0.0 0.0
0.0 0.0 0.0 0.0 0.0
0.0 0.0 0.0 0.0 0.0
0.0 0.0 0.0 0.0 0.0
0.0 0.0 0.0 0.0 0.0
0.0 0.0 0.0 0.0 0.0
0.0 0.0 0.0 0.0 0.0
0.0 0.0 0.0 0.0 0.0
0.0 0.0 0.0 0.0 0.0
0.0 0.0 0.0 0.0 0.0
0.0 0.0 0.0 0.0 0.0
0.0 0.0 0.0 0.0 0.0
0.0 0.0 0.0 0.0 0.0
0.0 0.0 0.0 0.0 0.0
0.0 0.0 0.0 0.0 0.0
0.0 0.0 0.0 0.0 0.0
0.0 0.0 0.0 0.0 0.0
0.0 0.0 0.0 0.0 0.0
0.0 0.0 0.0 0.0 0.0
0.0 0.0 0.0 0.0 0.0
0.0 0.0 0.0 0.0 0.0
0.0 0.0 0.0 0.0 0.0
0.0 0.0 0.0 0.0 0.0
0.0 0.0 0.0 0.0 0.0
0.0 0.0 0.0 0.0 0.0
0.0 0.0 0.0 0.0 0.0
0.0 0.0 0.0 0.0 0.0
0.0 0.0 0.0 0.0 0.0
0.0 0.0 0.0 0.0 0.0
0.0 0.0 0.0 0.0 0.0
0.0 0.0 0.0 0.0 0.0
0.0 0.0 0.0 0.0 0.0
0.0 0.0 0.0 0.0 0.0
0.0 0.0 0.0 0.0 0.0
0.0 0.0 0.0 0.0 0.0
0.0 0.0 0.0 0.0 0.0
0.0 0.0 0.0 0.0 0.0
0.0 0.0 0.0 0.0 0.0
0.0 0.0 0.0 0.0 0.0
0.0 0.0 0.0 0.0 0.0
0.0 0.0 0.0 0.0 0.0
0.0 0.0 0.0 0.0 0.0
0.0 0.0 0.0 0.0 0.0
0.0 0.0 0.0 0.0 0.0
0.0 0.0 0.0 0.0 0.0
0.0 0.0 0.0 0.0 0.0
0.0 0.0 0.0 0.0 0.0
0.0 0.0 0.0 0.0 0.0
0.0 0.0 0.0 0.0 0.0
0.0 0.0 0.0 0.0 0.0
0.0 0.0 0.0 0.0 0.0
0.0 0.0 0.0 0.0 0.0
0.0 0.0 0.0 0.0 0.0
0.0 0.0 0.0 0.0 0.0
0.0 0.0 0.0 0.0 0.0
0.0 0.0 0.0 0.0 0.0
0.0 0.0 0.0 0.0 0.0
0.0 0.0 0.0 0.0 0.0
0.0 0.0 0.0 0.0 0.0
0.0 0.0 0.0 0.0 0.0
0.0 0.0 0.0 0.0 0.0
0.0 0.0 0.0 0.0 0.0
0.0 0.0 0.0 0.0 0.0
0.0 0.0 0.0 0.0 0.0
0.0 0.0 0.0 0.0 0.0
0.0 0.0 0.0 0.0 0.0
0.0 0.0 0.0 0.0 0.0
0.0 0.0 0.0 0.0 0.0
0.0 0.0 0.0 0.0 0.0
0.0 0.0 0.0 0.0 0.0
0.0 0.0 0.0 0.0 0.0
0.0 0.0 0.0 0.0 0.0
0.0 0.0 0.0 0.0 0.0
0.0 0.0 0.0 0.0 0.0
0.0 0.0 0.0 0.0 0.0
0.0 0.0 0.0 0.0 0.0
0.0 0.0 0.0 0.0 0.0
0.0 0.0 0.0 0.0 0.0
0.0 0.0 0.0 0.0 0.0
0.0 0.0 0.0 0.0 0.0
0.0 0.0 0.0 0.0 0.0
0.0 0.0 0.0 0.0 0.0
0.0 0.0 0.0 0.0 0.0
0.0 0.0 0.0 0.0 0.0
0.0 0.0 0.0 0.0 0.0
0.0 0.0 0.0 0.0 0.0
0.0 0.0 0.0 0.0 0.0
0.0 0.0 0.0 0.0 0.0
0.0 0.0 0.0 0.0 0.0
0.0 0.0 0.0 0.0 0.0
0.0 0.0 0.0 0.0 0.0
0.0 0.0 0.0 0.0 0.0
0.0 0.0 0.0 0.0 0.0
0.0 0.0 0.0 0.0 0.0
0.0 0.0 0.0 0.0 0.0
0.0 0.0 0.0 0.0 0.0
0.0 0.0 0.0 0.0 0.0
0.0 0.0 0.0 0.0 0.0
0.0 0.0 0.0 0.0 0.0
0.0 0.0 0.0 0.0 0.0
0.0 0.0 0.0 0.0 0.0
0.0 0.0 0.0 0.0 0.0
0.0 0.0 0.0 0.0 0.0
0.0 0.0 0.0 0.0 0.0
0.0 0.0 0.0 0.0 0.0
0.0 0.0 0.0 0.0 0.0
0.0 0.0 0.0 0.0 0.0
0.0 0.0 0.0 0.0 0.0
0.0 0.0 0.0 0.0 0.0
0.0 0.0 0.0 0.0 0.0
0.0 0.0 0.0 0.0 0.0
0.0 0.0 0.0 0.0 0.0
0.0 0.0 0.0 0.0 0.0
0.0 0.0 0.0 0.0 0.0
0.0 0.0 0.0 0.0 0.0
0.0 0.0 0.0 0.0 0.0
0.0 0.0 0.0 0.0 0.0
0.0 0.0 0.0 0.0 0.0
0.0 0.0 0.0 0.0 0.0
0.0 0.0 0.0 0.0 0.0
0.0 0.0 0.0 0.0 0.0
0.0 0.0 0.0 0.0 0.0
0.0 0.0 0.0 0.0 0.0
0.0 0.0 0.0 0.0 0.0
0.0 0.0 0.0 0.0 0.0
0.0 0.0 0.0 0.0 0.0
0.0 0.0 0.0 0.0 0.0
0.0 0.0 0.0 0.0 0.0
0.0 0.0 0.0 0.0 0.0
0.0 0.0 0.0 0.0 0.0
0.0 0.0 0.0 0.0 0.0
0.0 0.0 0.0 0.0 0.0
0.0 0.0 0.0 0.0 0.0
0.0 0.0 0.0 0.0 0.0
0.0 0.0 0.0 0.0 0.0
0.0 0.0 0.0 0.0 0.0
0.0 0.0 0.0 0.0 0.0
0.0 0.0 0.0 0.0 0.0
0.0 0.0 0.0 0.0 0.0
0.0 0.0 0.0 0.0 0.0
0.0 0.0 0.0 0.0 0.0
0.0 0.0 0.0 0.0 0.0
0.0 0.0 0.0 0.0 0.0
0.0 0.0 0.0 0.0 0.0
0.0 0.0 0.0 0.0 0.0
0.0 0.0 0.0 0.0 0.0
0.0 0.0 0.0 0.0 0.0
0.0 0.0 0.0 0.0 0.0
0.0 0.0 0.0 0.0 0.0
0.0 0.0 0.0 0.0 0.0
0.0 0.0 0.0 0.0 0.0
0.0 0.0 0.0 0.0 0.0
0.0 0.0 0.0 0.0 0.0
0.0 0.0 0.0 0.0 0.0
0.0 0.0 0.0 0.0 0.0
0.0 0.0 0.0 0.0 0.0
0.0 0.0 0.0 0.0 0.0
0.0 0.0 0.0 0.0 0.0
0.0 0.0 0.0 0.0 0.0
0.0 0.0 0.0 0.0 0.0
0.0 0.0 0.0 0.0 0.0
0.0 0.0 0.0 0.0 0.0
0.0 0.0 0.0 0.0 0.0
0.0 0.0 0.0 0.0 0.0
0.0 0.0 0.0 0.0 0.0
0.0 0.0 0.0 0.0 0.0
0.0 0.0 0.0 0.0 0.0
0.0 0.0 0.0 0.0 0.0
0.0 0.0 0.0 0.0 0.0
0.0 0.0 0.0 0.0 0.0
0.0 0.0 0.0 0.0 0.0
0.0 0.0 0.0 0.0 0.0
0.0 0.0 0.0 0.0 0.0
0.0 0.0 0.0 0.0 0.0
0.0 0.0 0.0 0.0 0.0
0.0 0.0 0.0 0.0 0.0
0.0 0.0 0.0 0.0 0.0
0.0 0.0 0.0 0.0 0.0
0.0 0.0 0.0 0.0 0.0
0.0 0.0 0.0 0.0 0.0
0.0 0.0 0.0 0.0 0.0
0.0 0.0 0.0 0.0 0.0
0.0 0.0 0.0 0.0 0.0
0.0 0.0 0.0 0.0 0.0
0.0 0.0 0.0 0.0 0.0
0.0 0.0 0.0 0.0 0.0
0.0 0.0 0.0 0.0 0.0
0.0 0.0 0.0 0.0 0.0
0.0 0.0 0.0 0.0 0.0
0.0 0.0 0.0 0.0 0.0
0.0 0.0 0.0 0.0 0.0
0.0 0.0 0.0 0.0 0.0
0.0 0.0 0.0 0.0 0.0
0.0 0.0 0.0 0.0 0.0
0.0 0.0 0.0 0.0 0.0
0.0 0.0 0.0 0.0 0.0
0.0 0.0 0.0 0.0 0.0
0.0 0.0 0.0 0.0 0.0
0.0 0.0 0.0 0.0 0.0
0.0 0.0 0.0 0.0 0.0
0.0 0.0 0.0 0.0 0.0
0.0 0.0 0.0 0.0 0.0
0.0 0.0 0.0 0.0 0.0
0.0 0.0 0.0 0.0 0.0
0.0 0.0 0.0 0.0 0.0
0.0 0.0 0.0 0.0 0.0
0.0 0.0 0.0 0.0 0.0
0.0 0.0 0.0 0.0 0.0
0.0 0.0 0.0 0.0 0.0
0.0 0.0 0.0 0.0 0.0
0.0 0.0 0.0 0.0 0.0
0.0 0.0 0.0 0.0 0.0
0.0 0.0 0.0 0.0 0.0
0.0 0.0 0.0 0.0 0.0
0.0 0.0 0.0 0.0 0.0
0.0 0.0 0.0 0.0 0.0
0.0 0.0 0.0 0.0 0.0
0.0 0.0 0.0 0.0 0.0
0.0 0.0 0.0 0.0 0.0
0.0 0.0 0.0 0.0 0.0
0.0 0.0 0.0 0.0 0.0
0.0 0.0 0.0 0.0 0.0
0.0 0.0 0.0 0.0 0.0
0.0 0.0 0.0 0.0 0.0
0.0 0.0 0.0 0.0 0.0
0.0 0.0 0.0 0.0 0.0
0.0 0.0 0.0 0.0 0.0
0.0 0.0 0.0 0.0 0.0
0.0 0.0 0.0 0.0 0.0
0.0 0.0 0.0 0.0 0.0
0.0 0.0 0.0 0.0 0.0
0.0 0.0 0.0 0.0 0.0
0.0 0.0 0.0 0.0 0.0
0.0 0.0 0.0 0.0 0.0
0.0 0.0 0.0 0.0 0.0
0.0 0.0 0.0 0.0 0.0
0.0 0.0 0.0 0.0 0.0
0.0 0.0 0.0 0.0 0.0
0.0 0.0 0.0 0.0 0.0
0.0 0.0 0.0 0.0 0.0
0.0 0.0 0.0 0.0 0.0
0.0 0.0 0.0 0.0 0.0
0.0 0.0 0.0 0.0 0.0
0.0 0.0 0.0 0.0 0.0
0.0 0.0 0.0 0.0 0.0
0.0 0.0 0.0 0.0 0.0
0.0 0.0 0.0 0.0 0.0
0.0 0.0 0.0 0.0 0.0
0.0 0.0 0.0 0.0 0.0
0.0 0.0 0.0 0.0 0.0
0.0 0.0 0.0 0.0 0.0
0.0 0.0 0.0 0.0 0.0
0.0 0.0 0.0 0.0 0.0
0.0 0.0 0.0 0.0 0.0
0.0 0.0 0.0 0.0 0.0
0.0 0.0 0.0 0.0 0.0
0.0 0.0 0.0 0.0 0.0
0.0 0.0 0.0 0.0 0.0
0.0 0.0 0.0 0.0 0.0
0.0 0.0 0.0 0.0 0.0
0.0 0.0 0.0 0.0 0.0
0.0 0.0 0.0 0.0 0.0
0.0 0.0 0.0 0.0 0.0
0.0 0.0 0.0 0.0 0.0
0.0 0.0 0.0 0.0 0.0
0.0 0.0 0.0 0.0 0.0
0.0 0.0 0.0 0.0 0.0
0.0 0.0 0.0 0.0 0.0
0.0 0.0 0.0 0.0 0.0
0.0 0.0 0.0 0.0 0.0
0.0 0.0 0.0 0.0 0.0
0.0 0.0 0.0 0.0 0.0
0.0 0.0 0.0 0.0 0.0
0.0 0.0 0.0 0.0 0.0
0.0 0.0 0.0 0.0 0.0
0.0 0.0 0.0 0.0 0.0
0.0 0.0 0.0 0.0 0.0
0.0 0.0 0.0 0.0 0.0
0.0 0.0 0.0 0.0 0.0
0.0 0.0 0.0 0.0 0.0
0.0 0.0 0.0 0.0 0.0
0.0 0.0 0.0 0.0 0.0
0.0 0.0 0.0 0.0 0.0
0.0 0.0 0.0 0.0 0.0
0.0 0.0 0.0 0.0 0.0
0.0 0.0 0.0 0.0 0.0
0.0 0.0 0.0 0.0 0.0
0.0 0.0 0.0 0.0 0.0
0.0 0.0 0.0 0.0 0.0
0.0 0.0 0.0 0.0 0.0
0.0 0.0 0.0 0.0 0.0
0.0 0.0 0.0 0.0 0.0
0.0 0.0 0.0 0.0 0.0
0.0 0.0 0.0 0.0 0.0
0.0 0.0 0.0 0.0 0.0
0.0 0.0 0.0 0.0 0.0
0.0 0.0 0.0 0.0 0.0
0.0 0.0 0.0 0.0 0.0
0.0 0.0 0.0 0.0 0.0
0.0 0.0 0.0 0.0 0.0
0.0 0.0 0.0 0.0 0.0
0.0 0.0 0.0 0.0 0.0
0.0 0.0 0.0 0.0 0.0
0.0 0.0 0.0 0.0 0.0
0.0 0.0 0.0 0.0 0.0
0.0 0.0 0.0 0.0 0.0
0.0 0.0 0.0 0.0 0.0
0.0 0.0 0.0 0.0 0.0
0.0 0.0 0.0 0.0 0.0
0.0 0.0 0.0 0.0 0.0
0.0 0.0 0.0 0.0 0.0
0.0 0.0 0.0 0.0 0.0
0.0 0.
