100
10
0
1
91
156
0.002
0.0019
0.0019
0.0019
0.0018
0.0017
0.0016
0.0015
0.0014
0.0012
0.0011
0.001
0.0008
0.0007
0.0006
0.0005
0.0004
0.0003
0.0003
0.0002
0.0002
0.0001
0.0001
0.0001
0
0
0
0
0
0
0
0
0
0
0
0
0
0
0
0
0
0
0
0
0
0
0
0
0
0
0
0
0
0
0
0
0
0
0
0
0
0
0
0
0
0
0
0.0001
0.0001
0.0001
0.0002
0.0002
0.0003
0.0003
0.0004
0.0005
0.0006
0.0007
0.0008
0.001
0.0011
0.0012
0.0014
0.0015
0.0016
0.0017
0.0018
0.0019
0.0019
0.0019
0.002
0.033
0.0329
0.0325
0.032
0.0312
0.0301
0.0289
0.0276
0.0261
0.0244
0.0227
0.0209
0.019
0.0172
0.0153
0.0135
0.0118
0.0102
0.0087
0.0073
0.006
0.0049
0.0039
0.003
0.0023
0
0
0
0
0
0
0
0
0
0
0
0
0
0
0
0
0
0
0
0
0
0
0
0
0
0
0
0
0
0
0
0
0
0
0
0
0
0
0
0
0
0.0023
0.003
0.0039
0.0049
0.006
0.0073
0.0087
0.0102
0.0118
0.0135
0.0153
0.0172
0.019
0.0209
0.0227
0.0244
0.0261
0.0276
0.0289
0.0301
0.0312
0.032
0.0325
0.0329
0.033
0.173
0.1726
0.1714
0.1695
0.1667
0.1633
0.1591
0.1543
0.1488
0.1428
0.1362
0.1292
0.1217
0.114
0.1059
0.0977
0.0895
0.0812
0.073
0.065
0.0573
0.0499
0.0429
0.0364
0.0304
0
0
0
0
0
0
0
0
0
0
0
0
0
0
0
0
0
0
0
0
0
0
0
0
0
0
0
0
0
0
0
0
0
0
0
0
0
0
0
0
0
0.0304
0.0364
0.0429
0.0499
0.0573
0.065
0.073
0.0812
0.0895
0.0977
0.1059
0.114
0.1217
0.1292
0.1362
0.1428
0.1488
0.1543
0.1591
0.1633
0.1667
0.1695
0.1714
0.1726
0.173
0.4569
0.4562
0.4542
0.4508
0.4461
0.4401
0.4328
0.4242
0.4144
0.4034
0.3913
0.3781
0.3638
0.3486
0.3325
0.3156
0.2981
0.2799
0.2613
0.2423
0.2231
0.2039
0.1847
0.1659
0.1474
0.0004
0.0004
0.0003
0.0002
0.0002
0.0001
0.0001
0.0001
0
0
0
0
0
0
0
0
0
0
0
0
0
0
0
0
0
0
0
0
0
0
0
0
0
0.0001
0.0001
0.0001
0.0002
0.0002
0.0003
0.0004
0.0004
0.1474
0.1659
0.1847
0.2039
0.2231
0.2423
0.2613
0.2799
0.2981
0.3156
0.3325
0.3486
0.3638
0.3781
0.3913
0.4034
0.4144
0.4242
0.4328
0.4401
0.4461
0.4508
0.4542
0.4562
0.4569
0.841
0.8401
0.8374
0.8329
0.8267
0.8186
0.8088
0.7973
0.7841
0.7693
0.7528
0.7348
0.7152
0.6942
0.6717
0.6479
0.6228
0.5965
0.5691
0.5407
0.5113
0.4811
0.4503
0.4189
0.3871
0.0055
0.0049
0.0043
0.0037
0.003
0.0024
0.0019
0.0014
0.001
0.0007
0.0005
0.0003
0.0002
0.0001
0
0
0
0
0
0
0
0
0
0
0
0
0
0.0001
0.0002
0.0003
0.0005
0.0007
0.001
0.0014
0.0019
0.0024
0.003
0.0037
0.0043
0.0049
0.0055
0.3871
0.4189
0.4503
0.4811
0.5113
0.5407
0.5691
0.5965
0.6228
0.6479
0.6717
0.6942
0.7152
0.7348
0.7528
0.7693
0.7841
0.7973
0.8088
0.8186
0.8267
0.8329
0.8374
0.8401
0.841
1.3059
1.3047
1.3012
1.2954
1.2872
1.2768
1.2642
1.2493
1.2323
1.2131
1.1919
1.1687
1.1436
1.1166
1.0878
1.0573
1.0251
0.9914
0.9562
0.9196
0.8817
0.8426
0.8024
0.7611
0.7189
0.0261
0.0241
0.0219
0.0195
0.0171
0.0146
0.0123
0.01
0.0079
0.0061
0.0045
0.0032
0.0022
0.0014
0.0008
0.0005
0.0002
0.0001
0
0
0
0
0
0.0001
0.0002
0.0005
0.0008
0.0014
0.0022
0.0032
0.0045
0.0061
0.0079
0.01
0.0123
0.0146
0.0171
0.0195
0.0219
0.0241
0.0261
0.7189
0.7611
0.8024
0.8426
0.8817
0.9196
0.9562
0.9914
1.0251
1.0573
1.0878
1.1166
1.1436
1.1687
1.1919
1.2131
1.2323
1.2493
1.2642
1.2768
1.2872
1.2954
1.3012
1.3047
1.3059
1.8762
1.8747
1.8701
1.8624
1.8516
1.8379
1.8212
1.8016
1.7791
1.754
1.7261
1.6956
1.6627
1.6274
1.5899
1.5502
1.5084
1.4648
1.4194
1.3724
1.3239
1.274
1.2228
1.1705
1.1171
0.0737
0.0691
0.0639
0.0583
0.0524
0.0464
0.0403
0.0345
0.0288
0.0235
0.0186
0.0141
0.0103
0.0072
0.0047
0.0029
0.0016
0.0008
0.0004
0.0002
0.0001
0.0002
0.0004
0.0008
0.0016
0.0029
0.0047
0.0072
0.0103
0.0141
0.0186
0.0235
0.0288
0.0345
0.0403
0.0464
0.0524
0.0583
0.0639
0.0691
0.0737
1.1171
1.1705
1.2228
1.274
1.3239
1.3724
1.4194
1.4648
1.5084
1.5502
1.5899
1.6274
1.6627
1.6956
1.7261
1.754
1.7791
1.8016
1.8212
1.8379
1.8516
1.8624
1.8701
1.8747
1.8762
2.5817
2.5797
2.5736
2.5636
2.5495
2.5316
2.5097
2.4841
2.4548
2.4218
2.3854
2.3456
2.3025
2.2564
2.2072
2.1553
2.1008
2.0437
1.9843
1.9227
1.859
1.7935
1.7266
1.6586
1.5898
0.1619
0.1527
0.1422
0.1307
0.1186
0.1061
0.0937
0.0812
0.0689
0.0571
0.0461
0.0362
0.0275
0.02
0.0139
0.0091
0.0056
0.0031
0.0016
0.0008
0.0006
0.0008
0.0016
0.0031
0.0056
0.0091
0.0139
0.02
0.0275
0.0362
0.0461
0.0571
0.0689
0.0812
0.0937
0.1061
0.1186
0.1307
0.1422
0.1527
0.1619
1.5898
1.6586
1.7266
1.7935
1.859
1.9227
1.9843
2.0437
2.1008
2.1553
2.2072
2.2564
2.3025
2.3456
2.3854
2.4218
2.4548
2.4841
2.5097
2.5316
2.5495
2.5636
2.5736
2.5797
2.5817
3.448
3.4454
3.4375
3.4243
3.4059
3.3825
3.354
3.3206
3.2825
3.2397
3.1924
3.1409
3.0852
3.0255
2.9619
2.894
2.8213
2.7428
2.6573
2.5646
2.4659
2.3637
2.2618
2.1637
2.072
0.3159
0.2981
0.2773
0.2543
0.2301
0.2048
0.1788
0.1531
0.1287
0.1061
0.0857
0.0676
0.0518
0.0385
0.0274
0.0186
0.0119
0.007
0.0039
0.0021
0.0015
0.0021
0.0039
0.007
0.0119
0.0186
0.0274
0.0385
0.0518
0.0676
0.0857
0.1061
0.1287
0.1531
0.1788
0.2048
0.2301
0.2543
0.2773
0.2981
0.3159
2.072
2.1637
2.2618
2.3637
2.4659
2.5646
2.6573
2.7428
2.8213
2.894
2.9619
3.0255
3.0852
3.1409
3.1924
3.2397
3.2825
3.3206
3.354
3.3825
3.4059
3.4243
3.4375
3.4454
3.448
4.5628
4.559
4.5477
4.5289
4.5027
4.4694
4.4292
4.3822
4.3289
4.2694
4.2042
4.1336
4.0576
3.976
3.8867
3.7853
3.6645
3.5162
3.3366
3.1304
2.9112
2.6968
2.5039
2.3439
2.2222
0.5728
0.5387
0.4977
0.4511
0.3993
0.3458
0.2939
0.2456
0.2019
0.1633
0.1299
0.1014
0.0774
0.0574
0.0411
0.0282
0.0182
0.011
0.0061
0.0034
0.0025
0.0034
0.0061
0.011
0.0182
0.0282
0.0411
0.0574
0.0774
0.1014
0.1299
0.1633
0.2019
0.2456
0.2939
0.3458
0.3993
0.4511
0.4977
0.5387
0.5728
2.2222
2.3439
2.5039
2.6968
2.9112
3.1304
3.3366
3.5162
3.6645
3.7853
3.8867
3.976
4.0576
4.1336
4.2042
4.2694
4.3289
4.3822
4.4292
4.4694
4.5027
4.5289
4.5477
4.559
4.5628
6.2008
6.1946
6.1759
6.145
6.1021
6.0476
5.9821
5.906
5.82
5.7249
5.6214
5.5102
5.3912
5.2618
5.1135
4.9286
4.684
4.3634
3.9735
3.547
3.1274
2.7512
2.4402
2.2055
2.0524
0.986
0.9144
0.8177
0.7084
0.6003
0.5002
0.4108
0.3331
0.2668
0.211
0.1646
0.1263
0.0951
0.0698
0.0496
0.0337
0.0217
0.0129
0.0071
0.0038
0.0028
0.0038
0.0071
0.0129
0.0217
0.0337
0.0496
0.0698
0.0951
0.1263
0.1646
0.211
0.2668
0.3331
0.4108
0.5002
0.6003
0.7084
0.8177
0.9144
0.986
2.0524
2.2055
2.4402
2.7512
3.1274
3.547
3.9735
4.3634
4.684
4.9286
5.1135
5.2618
5.3912
5.5102
5.6214
5.7249
5.82
5.906
5.9821
6.0476
6.1021
6.145
6.1759
6.1946
6.2008
8.7573
8.7477
8.719
8.6714
8.6049
8.5199
8.4169
8.2962
8.1588
8.0054
7.8372
7.6551
7.4593
7.245
6.9967
6.6821
6.2601
5.7087
5.0536
4.3624
3.7071
3.1323
2.6512
2.2579
1.9506
1.6096
1.3234
1.0817
0.8823
0.7167
0.5786
0.4636
0.3682
0.2896
0.2254
0.1732
0.1311
0.0973
0.0703
0.0491
0.0327
0.0205
0.0118
0.0062
0.0031
0.0021
0.0031
0.0062
0.0118
0.0205
0.0327
0.0491
0.0703
0.0973
0.1311
0.1732
0.2254
0.2896
0.3682
0.4636
0.5786
0.7167
0.8823
1.0817
1.3234
1.6096
1.9506
2.2579
2.6512
3.1323
3.7071
4.3624
5.0536
5.7087
6.2601
6.6821
6.9967
7.245
7.4593
7.6551
7.8372
8.0054
8.1588
8.2962
8.4169
8.5199
8.6049
8.6714
8.719
8.7477
8.7573
11.5661
11.5589
11.537
11.5
11.4474
11.3781
11.291
11.1849
11.0584
10.9101
10.7387
10.543
10.3216
10.0692
9.7694
9.3823
8.8462
8.1114
7.1932
6.186
5.2092
4.3458
3.6244
3.0367
2.585
2.3242
2.2033
2.1622
2.1592
0.6556
0.5289
0.4223
0.3336
0.2605
0.2009
0.1528
0.1141
0.0832
0.0589
0.0399
0.0256
0.0152
0.0082
0.0039
0.0017
0.0011
0.0017
0.0039
0.0082
0.0152
0.0256
0.0399
0.0589
0.0832
0.1141
0.1528
0.2009
0.2605
0.3336
0.4223
0.5289
0.6556
2.1592
2.1622
2.2033
2.3242
2.585
3.0367
3.6244
4.3458
5.2092
6.186
7.1932
8.1114
8.8462
9.3823
9.7694
10.0692
10.3216
10.543
10.7387
10.9101
11.0584
11.1849
11.291
11.3781
11.4474
11.5
11.537
11.5589
11.5661
12.7157
12.7144
12.7106
12.704
12.6943
12.6808
12.6628
12.6392
12.6087
12.5693
12.5189
12.4546
12.3727
12.2664
12.1181
11.8819
11.4702
10.7785
9.7686
8.5328
7.2468
6.0611
5.0459
4.2318
3.6524
3.2565
2.9906
2.8071
2.6643
2.5269
2.3693
2.1806
1.9661
1.7408
0.1616
0.1213
0.089
0.0632
0.0431
0.0278
0.0166
0.009
0.0043
0.0018
0.0006
0.0003
0.0006
0.0018
0.0043
0.009
0.0166
0.0278
0.0431
0.0632
0.089
0.1213
0.1616
1.7408
1.9661
2.1806
2.3693
2.5269
2.6643
2.8071
2.9906
3.2565
3.6524
4.2318
5.0459
6.0611
7.2468
8.5328
9.7686
10.7785
11.4702
11.8819
12.1181
12.2664
12.3727
12.4546
12.5189
12.5693
12.6087
12.6392
12.6628
12.6808
12.6943
12.704
12.7106
12.7144
12.7157
12.8223
12.8223
12.8222
12.8221
12.8218
12.8214
12.8209
12.8201
12.819
12.8173
12.8148
12.8111
12.8055
12.7958
12.7731
12.7045
12.5064
12.0444
11.2124
10.0469
8.7282
7.4513
6.3353
5.437
4.7373
4.1936
3.7603
3.3972
3.0729
2.7673
2.4715
2.186
1.915
1.6627
1.4308
1.2183
1.0233
0.0427
0.0276
0.0165
0.0089
0.0042
0.0017
0.0006
0.0001
0.0001
0.0001
0.0006
0.0017
0.0042
0.0089
0.0165
0.0276
0.0427
1.0233
1.2183
1.4308
1.6627
1.915
2.186
2.4715
2.7673
3.0729
3.3972
3.7603
4.1936
4.7373
5.437
6.3353
7.4513
8.7282
10.0469
11.2124
12.0444
12.5064
12.7045
12.7731
12.7958
12.8055
12.8111
12.8148
12.8173
12.819
12.8201
12.8209
12.8214
12.8218
12.8221
12.8222
12.8223
12.8223
12.8241
12.8241
12.8241
12.8241
12.8241
12.8241
12.8241
12.8241
12.8241
12.8241
12.8241
12.8241
12.824
12.8235
12.8187
12.7898
12.6711
12.3294
11.6202
10.5284
9.224
7.9348
6.8065
5.8775
5.1258
4.5101
3.9916
3.5401
3.1356
2.7669
2.4284
2.1181
1.8347
1.577
1.3426
1.129
0.9331
0.7527
0.5867
0.4361
0.0036
0.0014
0.0004
0.0001
0
0
0
0.0001
0.0004
0.0014
0.0036
0.4361
0.5867
0.7527
0.9331
1.129
1.3426
1.577
1.8347
2.1181
2.4284
2.7669
3.1356
3.5401
3.9916
4.5101
5.1258
5.8775
6.8065
7.9348
9.224
10.5284
11.6202
12.3294
12.6711
12.7898
12.8187
12.8235
12.824
12.8241
12.8241
12.8241
12.8241
12.8241
12.8241
12.8241
12.8241
12.8241
12.8241
12.8241
12.8241
12.8245
12.8245
12.8245
12.8245
12.8245
12.8245
12.8245
12.8245
12.8245
12.8245
12.8245
12.8245
12.8245
12.8244
12.8225
12.8072
12.7296
12.4661
11.8454
10.7969
9.4692
8.1202
6.9304
5.9529
5.165
4.5211
3.9789
3.5072
3.0862
2.7047
2.357
2.0404
1.7531
1.4931
1.2574
1.0428
0.8462
0.6656
0.5009
0.3546
0.2312
0.1352
0.0688
0
0
0
0
0
0.0688
0.1352
0.2312
0.3546
0.5009
0.6656
0.8462
1.0428
1.2574
1.4931
1.7531
2.0404
2.357
2.7047
3.0862
3.5072
3.9789
4.5211
5.165
5.9529
6.9304
8.1202
9.4692
10.7969
11.8454
12.4661
12.7296
12.8072
12.8225
12.8244
12.8245
12.8245
12.8245
12.8245
12.8245
12.8245
12.8245
12.8245
12.8245
12.8245
12.8245
12.8245
12.8245
12.825
12.825
12.825
12.825
12.825
12.825
12.825
12.825
12.825
12.825
12.825
12.825
12.825
12.8249
12.8242
12.8166
12.7679
12.5709
12.0393
11.0459
9.7021
8.2897
7.0311
6.0001
5.1758
4.5075
3.948
3.4629
3.031
2.6405
2.2858
1.9643
1.6738
1.4118
1.1749
0.9595
0.7624
0.5822
0.4202
0.2805
0.1685
0.0882
0.0387
0.0136
0.0037
0
0.0037
0.0136
0.0387
0.0882
0.1685
0.2805
0.4202
0.5822
0.7624
0.9595
1.1749
1.4118
1.6738
1.9643
2.2858
2.6405
3.031
3.4629
3.948
4.5075
5.1758
6.0001
7.0311
8.2897
9.7021
11.0459
12.0393
12.5709
12.7679
12.8166
12.8242
12.8249
12.825
12.825
12.825
12.825
12.825
12.825
12.825
12.825
12.825
12.825
12.825
12.825
12.825
12.8254
12.8254
12.8254
12.8254
12.8254
12.8254
12.8254
12.8254
12.8254
12.8254
12.8254
12.8254
12.8254
12.8254
12.8251
12.8216
12.7925
12.6503
12.206
11.2803
9.9334
8.4618
7.1334
6.0477
5.1864
4.4938
3.9172
3.419
2.9764
2.5773
2.2161
1.89
1.5967
1.3331
1.0952
0.879
0.6817
0.5027
0.3452
0.2147
0.1169
0.0535
0.0197
0.0055
0.0011
0.0003
0.0011
0.0055
0.0197
0.0535
0.1169
0.2147
0.3452
0.5027
0.6817
0.879
1.0952
1.3331
1.5967
1.89
2.2161
2.5773
2.9764
3.419
3.9172
4.4938
5.1864
6.0477
7.1334
8.4618
9.9334
11.2803
12.206
12.6503
12.7925
12.8216
12.8251
12.8254
12.8254
12.8254
12.8254
12.8254
12.8254
12.8254
12.8254
12.8254
12.8254
12.8254
12.8254
12.8254
12.8254
12.8258
12.8258
12.8258
12.8258
12.8258
12.8258
12.8258
12.8258
12.8258
12.8258
12.8258
12.8258
12.8258
12.8258
12.8258
12.8242
12.8077
12.7085
12.3465
11.4983
10.1618
8.6362
7.2376
6.0958
5.1971
4.4801
3.8867
3.3756
2.9226
2.5152
2.1478
1.8175
1.5218
1.2567
1.0179
0.8011
0.604
0.4276
0.2766
0.1581
0.0766
0.0299
0.0089
0.0019
0.0003
0
0.0003
0.0019
0.0089
0.0299
0.0766
0.1581
0.2766
0.4276
0.604
0.8011
1.0179
1.2567
1.5218
1.8175
2.1478
2.5152
2.9226
3.3756
3.8867
4.4801
5.1971
6.0958
7.2376
8.6362
10.1618
11.4983
12.3465
12.7085
12.8077
12.8242
12.8258
12.8258
12.8258
12.8258
12.8258
12.8258
12.8258
12.8258
12.8258
12.8258
12.8258
12.8258
12.8258
12.8258
12.8258
12.8263
12.8263
12.8263
12.8263
12.8263
12.8263
12.8263
12.8263
12.8263
12.8263
12.8263
12.8263
12.8263
12.8263
12.8263
12.8257
12.8167
12.7501
12.4623
11.6985
10.386
8.8126
7.3436
6.1445
5.2078
4.4665
3.8564
3.3327
2.8694
2.454
2.0808
1.7468
1.4489
1.1827
0.9431
0.7258
0.5296
0.3572
0.2154
0.1114
0.0469
0.0151
0.0035
0.0005
0
0
0
0.0005
0.0035
0.0151
0.0469
0.1114
0.2154
0.3572
0.5296
0.7258
0.9431
1.1827
1.4489
1.7468
2.0808
2.454
2.8694
3.3327
3.8564
4.4665
5.2078
6.1445
7.3436
8.8126
10.386
11.6985
12.4623
12.7501
12.8167
12.8257
12.8263
12.8263
12.8263
12.8263
12.8263
12.8263
12.8263
12.8263
12.8263
12.8263
12.8263
12.8263
12.8263
12.8263
12.8263
12.8268
12.8268
12.8268
12.8268
12.8268
12.8268
12.8268
12.8268
12.8268
12.8268
12.8268
12.8268
12.8268
12.8268
12.8268
12.8265
12.822
12.7788
12.5558
11.8798
10.6045
8.9907
7.4515
6.1938
5.2185
4.453
3.8264
3.2902
2.817
2.3938
2.0152
1.6779
1.3781
1.1108
0.8704
0.6531
0.4587
0.2923
0.1622
0.0745
0.0266
0.0069
0.0012
0.0001
0
0
0
0.0001
0.0012
0.0069
0.0266
0.0745
0.1622
0.2923
0.4587
0.6531
0.8704
1.1108
1.3781
1.6779
2.0152
2.3938
2.817
3.2902
3.8264
4.453
5.2185
6.1938
7.4515
8.9907
10.6045
11.8798
12.5558
12.7788
12.822
12.8265
12.8268
12.8268
12.8268
12.8268
12.8268
12.8268
12.8268
12.8268
12.8268
12.8268
12.8268
12.8268
12.8268
12.8268
12.8268
12.8273
12.8273
12.8273
12.8273
12.8273
12.8273
12.8273
12.8273
12.8273
12.8273
12.8273
12.8273
12.8273
12.8273
12.8273
12.8272
12.825
12.798
12.6297
12.0417
10.8161
9.17
7.5611
6.2436
5.2292
4.4395
3.7966
3.2481
2.7652
2.3346
1.9509
1.6106
1.3093
1.041
0.8
0.583
0.3917
0.2336
0.1176
0.047
0.0138
0.0027
0.0003
0
0
0
0
0
0.0003
0.0027
0.0138
0.047
0.1176
0.2336
0.3917
0.583
0.8
1.041
1.3093
1.6106
1.9509
2.3346
2.7652
3.2481
3.7966
4.4395
5.2292
6.2436
7.5611
9.17
10.8161
12.0417
12.6297
12.798
12.825
12.8272
12.8273
12.8273
12.8273
12.8273
12.8273
12.8273
12.8273
12.8273
12.8273
12.8273
12.8273
12.8273
12.8273
12.8273
12.8273
12.8278
12.8278
12.8278
12.8278
12.8278
12.8278
12.8278
12.8278
12.8278
12.8278
12.8278
12.8278
12.8278
12.8278
12.8278
12.8278
12.8268
12.8106
12.6867
12.1843
11.0194
9.35
7.6725
6.294
5.24
4.426
3.767
3.2065
2.7141
2.2764
1.888
1.5451
1.2423
0.9731
0.7316
0.5156
0.3291
0.1816
0.0815
0.0277
0.0065
0.0009
0.0001
0
0
0
0
0
0.0001
0.0009
0.0065
0.0277
0.0815
0.1816
0.3291
0.5156
0.7316
0.9731
1.2423
1.5451
1.888
2.2764
2.7141
3.2065
3.767
4.426
5.24
6.294
7.6725
9.35
11.0194
12.1843
12.6867
12.8106
12.8268
12.8278
12.8278
12.8278
12.8278
12.8278
12.8278
12.8278
12.8278
12.8278
12.8278
12.8278
12.8278
12.8278
12.8278
12.8278
12.8278
12.8283
12.8283
12.8283
12.8283
12.8283
12.8283
12.8283
12.8283
12.8283
12.8283
12.8283
12.8283
12.8283
12.8283
12.8283
12.8283
12.8279
12.8185
12.7298
12.308
11.2132
9.5303
7.7856
6.3451
5.2509
4.4127
3.7377
3.1653
2.6636
2.2191
1.8264
1.4811
1.177
0.9071
0.6654
0.4513
0.2714
0.1368
0.0538
0.0151
0.0027
0.0003
0
0
0
0
0
0
0
0.0003
0.0027
0.0151
0.0538
0.1368
0.2714
0.4513
0.6654
0.9071
1.177
1.4811
1.8264
2.2191
2.6636
3.1653
3.7377
4.4127
5.2509
6.3451
7.7856
9.5303
11.2132
12.308
12.7298
12.8185
12.8279
12.8283
12.8283
12.8283
12.8283
12.8283
12.8283
12.8283
12.8283
12.8283
12.8283
12.8283
12.8283
12.8283
12.8283
12.8283
12.8283
12.8289
12.8289
12.8289
12.8289
12.8289
12.8289
12.8289
12.8289
12.8289
12.8289
12.8289
12.8289
12.8289
12.8289
12.8289
12.8289
12.8287
12.8235
12.7616
12.4138
11.3965
9.7101
7.9004
6.3967
5.2617
4.3993
3.7087
3.1245
2.6137
2.1628
1.7661
1.4186
1.1135
0.8428
0.6013
0.3902
0.2191
0.0995
0.0335
0.0076
0.001
0.0001
0
0
0
0
0
0
0
0.0001
0.001
0.0076
0.0335
0.0995
0.2191
0.3902
0.6013
0.8428
1.1135
1.4186
1.7661
2.1628
2.6137
3.1245
3.7087
4.3993
5.2617
6.3967
7.9004
9.7101
11.3965
12.4138
12.7616
12.8235
12.8287
12.8289
12.8289
12.8289
12.8289
12.8289
12.8289
12.8289
12.8289
12.8289
12.8289
12.8289
12.8289
12.8289
12.8289
12.8289
12.8289
12.8294
12.8294
12.8294
12.8294
12.8294
12.8294
12.8294
12.8294
12.8294
12.8294
12.8294
12.8294
12.8294
12.8294
12.8294
12.8294
12.8294
12.8266
12.7846
12.5029
11.5684
9.8891
8.0168
6.4489
5.2727
4.3861
3.6798
3.0841
2.5645
2.1074
1.707
1.3577
1.0516
0.7803
0.5394
0.3329
0.1726
0.0695
0.0196
0.0034
0.0003
0
0
0
0
0
0
0
0
0
0.0003
0.0034
0.0196
0.0695
0.1726
0.3329
0.5394
0.7803
1.0516
1.3577
1.707
2.1074
2.5645
3.0841
3.6798
4.3861
5.2727
6.4489
8.0168
9.8891
11.5684
12.5029
12.7846
12.8266
12.8294
12.8294
12.8294
12.8294
12.8294
12.8294
12.8294
12.8294
12.8294
12.8294
12.8294
12.8294
12.8294
12.8294
12.8294
12.8294
12.8294
12.83
12.83
12.83
12.83
12.83
12.83
12.83
12.83
12.83
12.83
12.83
12.83
12.83
12.83
12.83
12.83
12.83
12.8286
12.8009
12.5767
11.7282
10.0665
8.1347
6.5018
5.2836
4.3729
3.6512
3.0441
2.5159
2.0529
1.6492
1.2982
0.9912
0.7194
0.4799
0.2796
0.1324
0.0464
0.0107
0.0014
0.0001
0
0
0
0
0
0
0
0
0
0.0001
0.0014
0.0107
0.0464
0.1324
0.2796
0.4799
0.7194
0.9912
1.2982
1.6492
2.0529
2.5159
3.0441
3.6512
4.3729
5.2836
6.5018
8.1347
10.0665
11.7282
12.5767
12.8009
12.8286
12.83
12.83
12.83
12.83
12.83
12.83
12.83
12.83
12.83
12.83
12.83
12.83
12.83
12.83
12.83
12.83
12.83
12.8306
12.8306
12.8306
12.8306
12.8306
12.8306
12.8306
12.8306
12.8306
12.8306
12.8306
12.8306
12.8306
12.8306
12.8306
12.8306
12.8306
12.8299
12.8121
12.637
11.8753
10.2418
8.2541
6.5552
5.2946
4.3597
3.6227
3.0044
2.4679
1.9994
1.5926
1.2401
0.9322
0.6602
0.423
0.2307
0.0984
0.0294
0.0054
0.0005
0
0
0
0
0
0
0
0
0
0
0
0.0005
0.0054
0.0294
0.0984
0.2307
0.423
0.6602
0.9322
1.2401
1.5926
1.9994
2.4679
3.0044
3.6227
4.3597
5.2946
6.5552
8.2541
10.2418
11.8753
12.637
12.8121
12.8299
12.8306
12.8306
12.8306
12.8306
12.8306
12.8306
12.8306
12.8306
12.8306
12.8306
12.8306
12.8306
12.8306
12.8306
12.8306
12.8306
12.8306
12.8312
12.8312
12.8312
12.8312
12.8312
12.8312
12.8312
12.8312
12.8312
12.8312
12.8312
12.8312
12.8312
12.8312
12.8312
12.8312
12.8312
12.8309
12.8198
12.6855
12.0097
10.4143
8.3748
6.6093
5.3056
4.3466
3.5945
2.9652
2.4205
1.9467
1.5372
1.1834
0.8747
0.6028
0.369
0.1867
0.0707
0.0176
0.0025
0.0002
0
0
0
0
0
0
0
0
0
0
0
0.0002
0.0025
0.0176
0.0707
0.1867
0.369
0.6028
0.8747
1.1834
1.5372
1.9467
2.4205
2.9652
3.5945
4.3466
5.3056
6.6093
8.3748
10.4143
12.0097
12.6855
12.8198
12.8309
12.8312
12.8312
12.8312
12.8312
12.8312
12.8312
12.8312
12.8312
12.8312
12.8312
12.8312
12.8312
12.8312
12.8312
12.8312
12.8312
12.8312
12.8318
12.8318
12.8318
12.8318
12.8318
12.8318
12.8318
12.8318
12.8318
12.8318
12.8318
12.8318
12.8318
12.8318
12.8318
12.8318
12.8318
12.8317
12.825
12.7239
12.1312
10.5833
8.4969
6.664
5.3167
4.3336
3.5665
2.9263
2.3737
1.895
1.4829
1.1279
0.8185
0.5471
0.3181
0.1478
0.0489
0.0099
0.001
0
0
0
0
0
0
0
0
0
0
0
0
0
0.001
0.0099
0.0489
0.1478
0.3181
0.5471
0.8185
1.1279
1.4829
1.895
2.3737
2.9263
3.5665
4.3336
5.3167
6.664
8.4969
10.5833
12.1312
12.7239
12.825
12.8317
12.8318
12.8318
12.8318
12.8318
12.8318
12.8318
12.8318
12.8318
12.8318
12.8318
12.8318
12.8318
12.8318
12.8318
12.8318
12.8318
12.8318
12.8324
12.8324
12.8324
12.8324
12.8324
12.8324
12.8324
12.8324
12.8324
12.8324
12.8324
12.8324
12.8324
12.8324
12.8324
12.8324
12.8324
12.8324
12.8285
12.7537
12.2399
10.7483
8.6201
6.7194
5.3278
4.3206
3.5387
2.8878
2.3275
1.8441
1.4297
1.0737
0.7636
0.4934
0.2706
0.1142
0.0324
0.0052
0.0004
0
0
0
0
0
0
0
0
0
0
0
0
0
0.0004
0.0052
0.0324
0.1142
0.2706
0.4934
0.7636
1.0737
1.4297
1.8441
2.3275
2.8878
3.5387
4.3206
5.3278
6.7194
8.6201
10.7483
12.2399
12.7537
12.8285
12.8324
12.8324
12.8324
12.8324
12.8324
12.8324
12.8324
12.8324
12.8324
12.8324
12.8324
12.8324
12.8324
12.8324
12.8324
12.8324
12.8324
12.8324
12.8331
12.8331
12.8331
12.8331
12.8331
12.8331
12.8331
12.8331
12.8331
12.8331
12.8331
12.8331
12.8331
12.8331
12.8331
12.8331
12.8331
12.8331
12.8309
12.7767
12.3364
10.9086
8.7443
6.7753
5.339
4.3077
3.5111
2.8497
2.2819
1.7941
1.3777
1.0206
0.7101
0.4417
0.2269
0.0858
0.0205
0.0025
0.0001
0
0
0
0
0
0
0
0
0
0
0
0
0
0.0001
0.0025
0.0205
0.0858
0.2269
0.4417
0.7101
1.0206
1.3777
1.7941
2.2819
2.8497
3.5111
4.3077
5.339
6.7753
8.7443
10.9086
12.3364
12.7767
12.8309
12.8331
12.8331
12.8331
12.8331
12.8331
12.8331
12.8331
12.8331
12.8331
12.8331
12.8331
12.8331
12.8331
12.8331
12.8331
12.8331
12.8331
12.8331
12.8338
12.8338
12.8338
12.8338
12.8338
12.8338
12.8338
12.8338
12.8338
12.8338
12.8338
12.8338
12.8338
12.8338
12.8338
12.8338
12.8338
12.8338
12.8325
12.794
12.4211
11.0637
8.8695
6.8319
5.3502
4.2948
3.4837
2.8119
2.2369
1.745
1.3267
0.9687
0.6579
0.3922
0.1871
0.0626
0.0123
0.0011
0
0
0
0
0
0
0
0
0
0
0
0
0
0
0
0.0011
0.0123
0.0626
0.1871
0.3922
0.6579
0.9687
1.3267
1.745
2.2369
2.8119
3.4837
4.2948
5.3502
6.8319
8.8695
11.0637
12.4211
12.794
12.8325
12.8338
12.8338
12.8338
12.8338
12.8338
12.8338
12.8338
12.8338
12.8338
12.8338
12.8338
12.8338
12.8338
12.8338
12.8338
12.8338
12.8338
12.8338
12.8345
12.8345
12.8345
12.8345
12.8345
12.8345
12.8345
12.8345
12.8345
12.8345
12.8345
12.8345
12.8345
12.8345
12.8345
12.8345
12.8345
12.8345
12.8338
12.8069
12.4948
11.213
8.9954
6.8891
5.3614
4.282
3.4564
2.7744
2.1925
1.6967
1.2767
0.9178
0.6071
0.3451
0.1516
0.0441
0.007
0.0005
0
0
0
0
0
0
0
0
0
0
0
0
0
0
0
0.0005
0.007
0.0441
0.1516
0.3451
0.6071
0.9178
1.2767
1.6967
2.1925
2.7744
3.4564
4.282
5.3614
6.8891
8.9954
11.213
12.4948
12.8069
12.8338
12.8345
12.8345
12.8345
12.8345
12.8345
12.8345
12.8345
12.8345
12.8345
12.8345
12.8345
12.8345
12.8345
12.8345
12.8345
12.8345
12.8345
12.8345
12.8352
12.8352
12.8352
12.8352
12.8352
12.8352
12.8352
12.8352
12.8352
12.8352
12.8352
12.8352
12.8352
12.8352
12.8352
12.8352
12.8352
12.8352
12.8348
12.8165
12.5582
11.3561
9.1219
6.947
5.3727
4.2692
3.4294
2.7373
2.1487
1.6493
1.2277
0.868
0.5576
0.3007
0.1203
0.03
0.0037
0.0002
0
0
0
0
0
0
0
0
0
0
0
0
0
0
0
0.0002
0.0037
0.03
0.1203
0.3007
0.5576
0.868
1.2277
1.6493
2.1487
2.7373
3.4294
4.2692
5.3727
6.947
9.1219
11.3561
12.5582
12.8165
12.8348
12.8352
12.8352
12.8352
12.8352
12.8352
12.8352
12.8352
12.8352
12.8352
12.8352
12.8352
12.8352
12.8352
12.8352
12.8352
12.8352
12.8352
12.8352
12.8359
12.8359
12.8359
12.8359
12.8359
12.8359
12.8359
12.8359
12.8359
12.8359
12.8359
12.8359
12.8359
12.8359
12.8359
12.8359
12.8359
12.8359
12.8357
12.8234
12.6122
11.4925
9.2489
7.0055
5.384
4.2565
3.4026
2.7006
2.1054
1.6026
1.1797
0.8192
0.5096
0.2591
0.0935
0.0196
0.0018
0.0001
0
0
0
0
0
0
0
0
0
0
0
0
0
0
0
0.0001
0.0018
0.0196
0.0935
0.2591
0.5096
0.8192
1.1797
1.6026
2.1054
2.7006
3.4026
4.2565
5.384
7.0055
9.2489
11.4925
12.6122
12.8234
12.8357
12.8359
12.8359
12.8359
12.8359
12.8359
12.8359
12.8359
12.8359
12.8359
12.8359
12.8359
12.8359
12.8359
12.8359
12.8359
12.8359
12.8359
12.8359
12.8366
12.8366
12.8366
12.8366
12.8366
12.8366
12.8366
12.8366
12.8366
12.8366
12.8366
12.8366
12.8366
12.8366
12.8366
12.8366
12.8366
12.8366
12.8365
12.8285
12.6578
11.6218
9.3761
7.0646
5.3954
4.2438
3.3759
2.6641
2.0627
1.5568
1.1325
0.7715
0.4632
0.2206
0.0709
0.0123
0.0008
0
0
0
0
0
0
0
0
0
0
0
0
0
0
0
0
0
0.0008
0.0123
0.0709
0.2206
0.4632
0.7715
1.1325
1.5568
2.0627
2.6641
3.3759
4.2438
5.3954
7.0646
9.3761
11.6218
12.6578
12.8285
12.8365
12.8366
12.8366
12.8366
12.8366
12.8366
12.8366
12.8366
12.8366
12.8366
12.8366
12.8366
12.8366
12.8366
12.8366
12.8366
12.8366
12.8366
12.8366
12.8374
12.8374
12.8374
12.8374
12.8374
12.8374
12.8374
12.8374
12.8374
12.8374
12.8374
12.8374
12.8374
12.8374
12.8374
12.8374
12.8374
12.8374
12.8373
12.8321
12.6958
11.7439
9.5035
7.1244
5.4068
4.2312
3.3494
2.628
2.0205
1.5118
1.0863
0.7247
0.4185
0.1853
0.0524
0.0073
0.0004
0
0
0
0
0
0
0
0
0
0
0
0
0
0
0
0
0
0.0004
0.0073
0.0524
0.1853
0.4185
0.7247
1.0863
1.5118
2.0205
2.628
3.3494
4.2312
5.4068
7.1244
9.5035
11.7439
12.6958
12.8321
12.8373
12.8374
12.8374
12.8374
12.8374
12.8374
12.8374
12.8374
12.8374
12.8374
12.8374
12.8374
12.8374
12.8374
12.8374
12.8374
12.8374
12.8374
12.8374
12.8381
12.8381
12.8381
12.8381
12.8381
12.8381
12.8381
12.8381
12.8381
12.8381
12.8381
12.8381
12.8381
12.8381
12.8381
12.8381
12.8381
12.8381
12.8381
12.8349
12.7272
11.8584
9.6307
7.1848
5.4183
4.2186
3.3231
2.5923
1.979
1.4675
1.0409
0.6789
0.3755
0.1534
0.0376
0.0041
0.0001
0
0
0
0
0
0
0
0
0
0
0
0
0
0
0
0
0
0.0001
0.0041
0.0376
0.1534
0.3755
0.6789
1.0409
1.4675
1.979
2.5923
3.3231
4.2186
5.4183
7.1848
9.6307
11.8584
12.7272
12.8349
12.8381
12.8381
12.8381
12.8381
12.8381
12.8381
12.8381
12.8381
12.8381
12.8381
12.8381
12.8381
12.8381
12.8381
12.8381
12.8381
12.8381
12.8381
12.8381
12.8389
12.8389
12.8389
12.8389
12.8389
12.8389
12.8389
12.8389
12.8389
12.8389
12.8389
12.8389
12.8389
12.8389
12.8389
12.8389
12.8389
12.8389
12.8389
12.8369
12.753
11.9653
9.7576
7.2458
5.4298
4.2061
3.2969
2.5568
1.9379
1.424
0.9964
0.6341
0.3346
0.125
0.0261
0.0022
0
0
0
0
0
0
0
0
0
0
0
0
0
0
0
0
0
0
0
0.0022
0.0261
0.125
0.3346
0.6341
0.9964
1.424
1.9379
2.5568
3.2969
4.2061
5.4298
7.2458
9.7576
11.9653
12.753
12.8369
12.8389
12.8389
12.8389
12.8389
12.8389
12.8389
12.8389
12.8389
12.8389
12.8389
12.8389
12.8389
12.8389
12.8389
12.8389
12.8389
12.8389
12.8389
12.8389
12.8397
12.8397
12.8397
12.8397
12.8397
12.8397
12.8397
12.8397
12.8397
12.8397
12.8397
12.8397
12.8397
12.8397
12.8397
12.8397
12.8397
12.8397
12.8397
12.8385
12.7738
12.0645
9.8841
7.3074
5.4413
4.1936
3.2709
2.5217
1.8974
1.3812
0.9526
0.5904
0.2957
0.1001
0.0176
0.0011
0
0
0
0
0
0
0
0
0
0
0
0
0
0
0
0
0
0
0
0.0011
0.0176
0.1001
0.2957
0.5904
0.9526
1.3812
1.8974
2.5217
3.2709
4.1936
5.4413
7.3074
9.8841
12.0645
12.7738
12.8385
12.8397
12.8397
12.8397
12.8397
12.8397
12.8397
12.8397
12.8397
12.8397
12.8397
12.8397
12.8397
12.8397
12.8397
12.8397
12.8397
12.8397
12.8397
12.8397
12.8405
12.8405
12.8405
12.8405
12.8405
12.8405
12.8405
12.8405
12.8405
12.8405
12.8405
12.8405
12.8405
12.8405
12.8405
12.8405
12.8405
12.8405
12.8405
12.8398
12.7906
12.1561
10.0098
7.3697
5.4529
4.1812
3.2451
2.4869
1.8575
1.3391
0.9097
0.5478
0.259
0.0786
0.0114
0.0005
0
0
0
0
0
0
0
0
0
0
0
0
0
0
0
0
0
0
0
0.0005
0.0114
0.0786
0.259
0.5478
0.9097
1.3391
1.8575
2.4869
3.2451
4.1812
5.4529
7.3697
10.0098
12.1561
12.7906
12.8398
12.8405
12.8405
12.8405
12.8405
12.8405
12.8405
12.8405
12.8405
12.8405
12.8405
12.8405
12.8405
12.8405
12.8405
12.8405
12.8405
12.8405
12.8405
12.8405
12.8413
12.8413
12.8413
12.8413
12.8413
12.8413
12.8413
12.8413
12.8413
12.8413
12.8413
12.8413
12.8413
12.8413
12.8413
12.8413
12.8413
12.8413
12.8413
12.8409
12.8039
12.2401
10.1345
7.4326
5.4645
4.1688
3.2195
2.4525
1.8181
1.2978
0.8674
0.5062
0.2248
0.0605
0.0071
0.0002
0
0
0
0
0
0
0
0
0
0
0
0
0
0
0
0
0
0
0
0.0002
0.0071
0.0605
0.2248
0.5062
0.8674
1.2978
1.8181
2.4525
3.2195
4.1688
5.4645
7.4326
10.1345
12.2401
12.8039
12.8409
12.8413
12.8413
12.8413
12.8413
12.8413
12.8413
12.8413
12.8413
12.8413
12.8413
12.8413
12.8413
12.8413
12.8413
12.8413
12.8413
12.8413
12.8413
12.8413
12.8422
12.8422
12.8422
12.8422
12.8422
12.8422
12.8422
12.8422
12.8422
12.8422
12.8422
12.8422
12.8422
12.8422
12.8422
12.8422
12.8422
12.8422
12.8422
12.842
12.8145
12.3168
10.2581
7.4962
5.4761
4.1565
3.194
2.4183
1.7792
1.2571
0.8259
0.4659
0.1931
0.0456
0.0042
0.0001
0
0
0
0
0
0
0
0
0
0
0
0
0
0
0
0
0
0
0
0.0001
0.0042
0.0456
0.1931
0.4659
0.8259
1.2571
1.7792
2.4183
3.194
4.1565
5.4761
7.4962
10.2581
12.3168
12.8145
12.842
12.8422
12.8422
12.8422
12.8422
12.8422
12.8422
12.8422
12.8422
12.8422
12.8422
12.8422
12.8422
12.8422
12.8422
12.8422
12.8422
12.8422
12.8422
12.8422
12.843
12.843
12.843
12.843
12.843
12.843
12.843
12.843
12.843
12.843
12.843
12.843
12.843
12.843
12.843
12.843
12.843
12.843
12.843
12.8429
12.8228
12.3864
10.3803
7.5603
5.4879
4.1442
3.1687
2.3845
1.7409
1.2171
0.7852
0.4268
0.164
0.0335
0.0024
0
0
0
0
0
0
0
0
0
0
0
0
0
0
0
0
0
0
0
0
0
0.0024
0.0335
0.164
0.4268
0.7852
1.2171
1.7409
2.3845
3.1687
4.1442
5.4879
7.5603
10.3803
12.3864
12.8228
12.8429
12.843
12.843
12.843
12.843
12.843
12.843
12.843
12.843
12.843
12.843
12.843
12.843
12.843
12.843
12.843
12.843
12.843
12.843
12.843
12.8439
12.8439
12.8439
12.8439
12.8439
12.8439
12.8439
12.8439
12.8439
12.8439
12.8439
12.8439
12.8439
12.8439
12.8439
12.8439
12.8439
12.8439
12.8439
12.8438
12.8293
12.4491
10.5009
7.625
5.4996
4.132
3.1435
2.351
1.7031
1.1777
0.7451
0.389
0.1376
0.024
0.0013
0
0
0
0
0
0
0
0
0
0
0
0
0
0
0
0
0
0
0
0
0
0.0013
0.024
0.1376
0.389
0.7451
1.1777
1.7031
2.351
3.1435
4.132
5.4996
7.625
10.5009
12.4491
12.8293
12.8438
12.8439
12.8439
12.8439
12.8439
12.8439
12.8439
12.8439
12.8439
12.8439
12.8439
12.8439
12.8439
12.8439
12.8439
12.8439
12.8439
12.8439
12.8439
12.8439
12.8448
12.8448
12.8448
12.8448
12.8448
12.8448
12.8448
12.8448
12.8448
12.8448
12.8448
12.8448
12.8448
12.8448
12.8448
12.8448
12.8448
12.8448
12.8448
12.8448
12.8344
12.5054
10.6197
7.6904
5.5114
4.1198
3.1185
2.3177
1.6657
1.1389
0.7058
0.3527
0.1139
0.0167
0.0007
0
0
0
0
0
0
0
0
0
0
0
0
0
0
0
0
0
0
0
0
0
0.0007
0.0167
0.1139
0.3527
0.7058
1.1389
1.6657
2.3177
3.1185
4.1198
5.5114
7.6904
10.6197
12.5054
12.8344
12.8448
12.8448
12.8448
12.8448
12.8448
12.8448
12.8448
12.8448
12.8448
12.8448
12.8448
12.8448
12.8448
12.8448
12.8448
12.8448
12.8448
12.8448
12.8448
12.8448
12.8457
12.8457
12.8457
12.8457
12.8457
12.8457
12.8457
12.8457
12.8457
12.8457
12.8457
12.8457
12.8457
12.8457
12.8457
12.8457
12.8457
12.8457
12.8457
12.8457
12.8384
12.5555
10.7364
7.7563
5.5232
4.1077
3.0936
2.2848
1.6289
1.1007
0.6672
0.318
0.093
0.0113
0.0003
0
0
0
0
0
0
0
0
0
0
0
0
0
0
0
0
0
0
0
0
0
0.0003
0.0113
0.093
0.318
0.6672
1.1007
1.6289
2.2848
3.0936
4.1077
5.5232
7.7563
10.7364
12.5555
12.8384
12.8457
12.8457
12.8457
12.8457
12.8457
12.8457
12.8457
12.8457
12.8457
12.8457
12.8457
12.8457
12.8457
12.8457
12.8457
12.8457
12.8457
12.8457
12.8457
12.8457
12.8466
12.8466
12.8466
12.8466
12.8466
12.8466
12.8466
12.8466
12.8466
12.8466
12.8466
12.8466
12.8466
12.8466
12.8466
12.8466
12.8466
12.8466
12.8466
12.8466
12.8416
12.5999
10.8508
7.8228
5.5351
4.0956
3.0689
2.2522
1.5926
1.0631
0.6293
0.2848
0.0748
0.0074
0.0001
0
0
0
0
0
0
0
0
0
0
0
0
0
0
0
0
0
0
0
0
0
0.0001
0.0074
0.0748
0.2848
0.6293
1.0631
1.5926
2.2522
3.0689
4.0956
5.5351
7.8228
10.8508
12.5999
12.8416
12.8466
12.8466
12.8466
12.8466
12.8466
12.8466
12.8466
12.8466
12.8466
12.8466
12.8466
12.8466
12.8466
12.8466
12.8466
12.8466
12.8466
12.8466
12.8466
12.8466
12.8476
12.8476
12.8476
12.8476
12.8476
12.8476
12.8476
12.8476
12.8476
12.8476
12.8476
12.8476
12.8476
12.8476
12.8476
12.8476
12.8476
12.8476
12.8476
12.8476
12.8441
12.6391
10.9628
7.8899
5.547
4.0836
3.0444
2.2199
1.5568
1.0261
0.5922
0.2534
0.0592
0.0047
0.0001
0
0
0
0
0
0
0
0
0
0
0
0
0
0
0
0
0
0
0
0
0
0.0001
0.0047
0.0592
0.2534
0.5922
1.0261
1.5568
2.2199
3.0444
4.0836
5.547
7.8899
10.9628
12.6391
12.8441
12.8476
12.8476
12.8476
12.8476
12.8476
12.8476
12.8476
12.8476
12.8476
12.8476
12.8476
12.8476
12.8476
12.8476
12.8476
12.8476
12.8476
12.8476
12.8476
12.8476
12.8485
12.8485
12.8485
12.8485
12.8485
12.8485
12.8485
12.8485
12.8485
12.8485
12.8485
12.8485
12.8485
12.8485
12.8485
12.8485
12.8485
12.8485
12.8485
12.8485
12.8462
12.6734
11.0721
7.9576
5.559
4.0716
3.0199
2.1879
1.5215
0.9896
0.5559
0.2239
0.046
0.0028
0
0
0
0
0
0
0
0
0
0
0
0
0
0
0
0
0
0
0
0
0
0
0
0.0028
0.046
0.2239
0.5559
0.9896
1.5215
2.1879
3.0199
4.0716
5.559
7.9576
11.0721
12.6734
12.8462
12.8485
12.8485
12.8485
12.8485
12.8485
12.8485
12.8485
12.8485
12.8485
12.8485
12.8485
12.8485
12.8485
12.8485
12.8485
12.8485
12.8485
12.8485
12.8485
12.8485
12.8495
12.8495
12.8495
12.8495
12.8495
12.8495
12.8495
12.8495
12.8495
12.8495
12.8495
12.8495
12.8495
12.8495
12.8495
12.8495
12.8495
12.8495
12.8495
12.8495
12.848
12.7033
11.1786
8.0258
5.571
4.0596
2.9957
2.1563
1.4866
0.9537
0.5203
0.1962
0.0351
0.0017
0
0
0
0
0
0
0
0
0
0
0
0
0
0
0
0
0
0
0
0
0
0
0
0.0017
0.0351
0.1962
0.5203
0.9537
1.4866
2.1563
2.9957
4.0596
5.571
8.0258
11.1786
12.7033
12.848
12.8495
12.8495
12.8495
12.8495
12.8495
12.8495
12.8495
12.8495
12.8495
12.8495
12.8495
12.8495
12.8495
12.8495
12.8495
12.8495
12.8495
12.8495
12.8495
12.8495
12.8505
12.8505
12.8505
12.8505
12.8505
12.8505
12.8505
12.8505
12.8505
12.8505
12.8505
12.8505
12.8505
12.8505
12.8505
12.8505
12.8505
12.8505
12.8505
12.8505
12.8495
12.7291
11.2821
8.0945
5.5831
4.0477
2.9716
2.1249
1.4522
0.9183
0.4856
0.1705
0.0263
0.0009
0
0
0
0
0
0
0
0
0
0
0
0
0
0
0
0
0
0
0
0
0
0
0
0.0009
0.0263
0.1705
0.4856
0.9183
1.4522
2.1249
2.9716
4.0477
5.5831
8.0945
11.2821
12.7291
12.8495
12.8505
12.8505
12.8505
12.8505
12.8505
12.8505
12.8505
12.8505
12.8505
12.8505
12.8505
12.8505
12.8505
12.8505
12.8505
12.8505
12.8505
12.8505
12.8505
12.8505
12.8515
12.8515
12.8515
12.8515
12.8515
12.8515
12.8515
12.8515
12.8515
12.8515
12.8515
12.8515
12.8515
12.8515
12.8515
12.8515
12.8515
12.8515
12.8515
12.8515
12.8508
12.7514
11.3824
8.1637
5.5952
4.0358
2.9476
2.0938
1.4183
0.8834
0.4518
0.1469
0.0192
0.0005
0
0
0
0
0
0
0
0
0
0
0
0
0
0
0
0
0
0
0
0
0
0
0
0.0005
0.0192
0.1469
0.4518
0.8834
1.4183
2.0938
2.9476
4.0358
5.5952
8.1637
11.3824
12.7514
12.8508
12.8515
12.8515
12.8515
12.8515
12.8515
12.8515
12.8515
12.8515
12.8515
12.8515
12.8515
12.8515
12.8515
12.8515
12.8515
12.8515
12.8515
12.8515
12.8515
12.8515
12.8525
12.8525
12.8525
12.8525
12.8525
12.8525
12.8525
12.8525
12.8525
12.8525
12.8525
12.8525
12.8525
12.8525
12.8525
12.8525
12.8525
12.8525
12.8525
12.8525
12.8521
12.7705
11.4793
8.2335
5.6074
4.024
2.9237
2.063
1.3848
0.849
0.4189
0.1253
0.0138
0.0003
0
0
0
0
0
0
0
0
0
0
0
0
0
0
0
0
0
0
0
0
0
0
0
0.0003
0.0138
0.1253
0.4189
0.849
1.3848
2.063
2.9237
4.024
5.6074
8.2335
11.4793
12.7705
12.8521
12.8525
12.8525
12.8525
12.8525
12.8525
12.8525
12.8525
12.8525
12.8525
12.8525
12.8525
12.8525
12.8525
12.8525
12.8525
12.8525
12.8525
12.8525
12.8525
12.8525
12.8535
12.8535
12.8535
12.8535
12.8535
12.8535
12.8535
12.8535
12.8535
12.8535
12.8535
12.8535
12.8535
12.8535
12.8535
12.8535
12.8535
12.8535
12.8535
12.8535
12.8533
12.7868
11.5729
8.3037
5.6196
4.0122
2.9
2.0325
1.3517
0.8151
0.387
0.1058
0.0096
0.0001
0
0
0
0
0
0
0
0
0
0
0
0
0
0
0
0
0
0
0
0
0
0
0
0.0001
0.0096
0.1058
0.387
0.8151
1.3517
2.0325
2.9
4.0122
5.6196
8.3037
11.5729
12.7868
12.8533
12.8535
12.8535
12.8535
12.8535
12.8535
12.8535
12.8535
12.8535
12.8535
12.8535
12.8535
12.8535
12.8535
12.8535
12.8535
12.8535
12.8535
12.8535
12.8535
12.8535
12.8546
12.8546
12.8546
12.8546
12.8546
12.8546
12.8546
12.8546
12.8546
12.8546
12.8546
12.8546
12.8546
12.8546
12.8546
12.8546
12.8546
12.8546
12.8546
12.8546
12.8544
12.8006
11.6628
8.3744
5.6318
4.0005
2.8765
2.0023
1.3191
0.7817
0.3561
0.0883
0.0065
0.0001
0
0
0
0
0
0
0
0
0
0
0
0
0
0
0
0
0
0
0
0
0
0
0
0.0001
0.0065
0.0883
0.3561
0.7817
1.3191
2.0023
2.8765
4.0005
5.6318
8.3744
11.6628
12.8006
12.8544
12.8546
12.8546
12.8546
12.8546
12.8546
12.8546
12.8546
12.8546
12.8546
12.8546
12.8546
12.8546
12.8546
12.8546
12.8546
12.8546
12.8546
12.8546
12.8546
12.8546
12.8557
12.8557
12.8557
12.8557
12.8557
12.8557
12.8557
12.8557
12.8557
12.8557
12.8557
12.8557
12.8557
12.8557
12.8557
12.8557
12.8557
12.8557
12.8557
12.8557
12.8556
12.8123
11.7491
8.4456
5.6441
3.9888
2.853
1.9723
1.2869
0.7487
0.3264
0.0729
0.0043
0
0
0
0
0
0
0
0
0
0
0
0
0
0
0
0
0
0
0
0
0
0
0
0
0
0.0043
0.0729
0.3264
0.7487
1.2869
1.9723
2.853
3.9888
5.6441
8.4456
11.7491
12.8123
12.8556
12.8557
12.8557
12.8557
12.8557
12.8557
12.8557
12.8557
12.8557
12.8557
12.8557
12.8557
12.8557
12.8557
12.8557
12.8557
12.8557
12.8557
12.8557
12.8557
12.8557
12.8568
12.8568
12.8568
12.8568
12.8568
12.8568
12.8568
12.8568
12.8568
12.8568
12.8568
12.8568
12.8568
12.8568
12.8568
12.8568
12.8568
12.8568
12.8568
12.8568
12.8567
12.8222
11.8318
8.5172
5.6564
3.9772
2.8297
1.9427
1.2551
0.7163
0.2978
0.0594
0.0028
0
0
0
0
0
0
0
0
0
0
0
0
0
0
0
0
0
0
0
0
0
0
0
0
0
0.0028
0.0594
0.2978
0.7163
1.2551
1.9427
2.8297
3.9772
5.6564
8.5172
11.8318
12.8222
12.8567
12.8568
12.8568
12.8568
12.8568
12.8568
12.8568
12.8568
12.8568
12.8568
12.8568
12.8568
12.8568
12.8568
12.8568
12.8568
12.8568
12.8568
12.8568
12.8568
12.8568
12.8579
12.8579
12.8579
12.8579
12.8579
12.8579
12.8579
12.8579
12.8579
12.8579
12.8579
12.8579
12.8579
12.8579
12.8579
12.8579
12.8579
12.8579
12.8579
12.8579
12.8578
12.8305
11.9106
8.5891
5.6688
3.9656
2.8066
1.9134
1.2237
0.6843
0.2704
0.0478
0.0017
0
0
0
0
0
0
0
0
0
0
0
0
0
0
0
0
0
0
0
0
0
0
0
0
0
0.0017
0.0478
0.2704
0.6843
1.2237
1.9134
2.8066
3.9656
5.6688
8.5891
11.9106
12.8305
12.8578
12.8579
12.8579
12.8579
12.8579
12.8579
12.8579
12.8579
12.8579
12.8579
12.8579
12.8579
12.8579
12.8579
12.8579
12.8579
12.8579
12.8579
12.8579
12.8579
12.8579
12.859
12.859
12.859
12.859
12.859
12.859
12.859
12.859
12.859
12.859
12.859
12.859
12.859
12.859
12.859
12.859
12.859
12.859
12.859
12.859
12.859
12.8375
11.9857
8.6615
5.6812
3.954
2.7836
1.8843
1.1928
0.6529
0.2443
0.0379
0.001
0
0
0
0
0
0
0
0
0
0
0
0
0
0
0
0
0
0
0
0
0
0
0
0
0
0.001
0.0379
0.2443
0.6529
1.1928
1.8843
2.7836
3.954
5.6812
8.6615
11.9857
12.8375
12.859
12.859
12.859
12.859
12.859
12.859
12.859
12.859
12.859
12.859
12.859
12.859
12.859
12.859
12.859
12.859
12.859
12.859
12.859
12.859
12.859
12.8601
12.8601
12.8601
12.8601
12.8601
12.8601
12.8601
12.8601
12.8601
12.8601
12.8601
12.8601
12.8601
12.8601
12.8601
12.8601
12.8601
12.8601
12.8601
12.8601
12.8601
12.8433
12.0569
8.7342
5.6937
3.9425
2.7607
1.8555
1.1621
0.6219
0.2195
0.0297
0.0006
0
0
0
0
0
0
0
0
0
0
0
0
0
0
0
0
0
0
0
0
0
0
0
0
0
0.0006
0.0297
0.2195
0.6219
1.1621
1.8555
2.7607
3.9425
5.6937
8.7342
12.0569
12.8433
12.8601
12.8601
12.8601
12.8601
12.8601
12.8601
12.8601
12.8601
12.8601
12.8601
12.8601
12.8601
12.8601
12.8601
12.8601
12.8601
12.8601
12.8601
12.8601
12.8601
12.8601
12.8613
12.8613
12.8613
12.8613
12.8613
12.8613
12.8613
12.8613
12.8613
12.8613
12.8613
12.8613
12.8613
12.8613
12.8613
12.8613
12.8613
12.8613
12.8613
12.8613
12.8612
12.8483
12.1244
8.8073
5.7063
3.931
2.7379
1.827
1.1319
0.5914
0.1961
0.0228
0.0003
0
0
0
0
0
0
0
0
0
0
0
0
0
0
0
0
0
0
0
0
0
0
0
0
0
0.0003
0.0228
0.1961
0.5914
1.1319
1.827
2.7379
3.931
5.7063
8.8073
12.1244
12.8483
12.8612
12.8613
12.8613
12.8613
12.8613
12.8613
12.8613
12.8613
12.8613
12.8613
12.8613
12.8613
12.8613
12.8613
12.8613
12.8613
12.8613
12.8613
12.8613
12.8613
12.8613
12.8624
12.8624
12.8624
12.8624
12.8624
12.8624
12.8624
12.8624
12.8624
12.8624
12.8624
12.8624
12.8624
12.8624
12.8624
12.8624
12.8624
12.8624
12.8624
12.8624
12.8624
12.8525
12.1881
8.8807
5.7188
3.9196
2.7153
1.7988
1.102
0.5615
0.1742
0.0173
0.0002
0
0
0
0
0
0
0
0
0
0
0
0
0
0
0
0
0
0
0
0
0
0
0
0
0
0.0002
0.0173
0.1742
0.5615
1.102
1.7988
2.7153
3.9196
5.7188
8.8807
12.1881
12.8525
12.8624
12.8624
12.8624
12.8624
12.8624
12.8624
12.8624
12.8624
12.8624
12.8624
12.8624
12.8624
12.8624
12.8624
12.8624
12.8624
12.8624
12.8624
12.8624
12.8624
12.8624
12.8636
12.8636
12.8636
12.8636
12.8636
12.8636
12.8636
12.8636
12.8636
12.8636
12.8636
12.8636
12.8636
12.8636
12.8636
12.8636
12.8636
12.8636
12.8636
12.8636
12.8636
12.856
12.248
8.9543
5.7314
3.9082
2.6928
1.7709
1.0725
0.5321
0.1537
0.0128
0.0001
0
0
0
0
0
0
0
0
0
0
0
0
0
0
0
0
0
0
0
0
0
0
0
0
0
0.0001
0.0128
0.1537
0.5321
1.0725
1.7709
2.6928
3.9082
5.7314
8.9543
12.248
12.856
12.8636
12.8636
12.8636
12.8636
12.8636
12.8636
12.8636
12.8636
12.8636
12.8636
12.8636
12.8636
12.8636
12.8636
12.8636
12.8636
12.8636
12.8636
12.8636
12.8636
12.8636
12.8648
12.8648
12.8648
12.8648
12.8648
12.8648
12.8648
12.8648
12.8648
12.8648
12.8648
12.8648
12.8648
12.8648
12.8648
12.8648
12.8648
12.8648
12.8648
12.8648
12.8648
12.8591
12.3043
9.0282
5.7441
3.8968
2.6704
1.7432
1.0434
0.5032
0.1347
0.0094
0
0
0
0
0
0
0
0
0
0
0
0
0
0
0
0
0
0
0
0
0
0
0
0
0
0
0
0.0094
0.1347
0.5032
1.0434
1.7432
2.6704
3.8968
5.7441
9.0282
12.3043
12.8591
12.8648
12.8648
12.8648
12.8648
12.8648
12.8648
12.8648
12.8648
12.8648
12.8648
12.8648
12.8648
12.8648
12.8648
12.8648
12.8648
12.8648
12.8648
12.8648
12.8648
12.8648
12.866
12.866
12.866
12.866
12.866
12.866
12.866
12.866
12.866
12.866
12.866
12.866
12.866
12.866
12.866
12.866
12.866
12.866
12.866
12.866
12.866
12.8617
12.357
9.1023
5.7568
3.8855
2.6481
1.7158
1.0146
0.475
0.1172
0.0067
0
0
0
0
0
0
0
0
0
0
0
0
0
0
0
0
0
0
0
0
0
0
0
0
0
0
0
0.0067
0.1172
0.475
1.0146
1.7158
2.6481
3.8855
5.7568
9.1023
12.357
12.8617
12.866
12.866
12.866
12.866
12.866
12.866
12.866
12.866
12.866
12.866
12.866
12.866
12.866
12.866
12.866
12.866
12.866
12.866
12.866
12.866
12.866
12.8672
12.8672
12.8672
12.8672
12.8672
12.8672
12.8672
12.8672
12.8672
12.8672
12.8672
12.8672
12.8672
12.8672
12.8672
12.8672
12.8672
12.8672
12.8672
12.8672
12.8672
12.864
12.4063
9.1766
5.7696
3.8742
2.626
1.6887
0.9861
0.4473
0.1012
0.0047
0
0
0
0
0
0
0
0
0
0
0
0
0
0
0
0
0
0
0
0
0
0
0
0
0
0
0
0.0047
0.1012
0.4473
0.9861
1.6887
2.626
3.8742
5.7696
9.1766
12.4063
12.864
12.8672
12.8672
12.8672
12.8672
12.8672
12.8672
12.8672
12.8672
12.8672
12.8672
12.8672
12.8672
12.8672
12.8672
12.8672
12.8672
12.8672
12.8672
12.8672
12.8672
12.8672
12.8685
12.8685
12.8685
12.8685
12.8685
12.8685
12.8685
12.8685
12.8685
12.8685
12.8685
12.8685
12.8685
12.8685
12.8685
12.8685
12.8685
12.8685
12.8685
12.8685
12.8685
12.8661
12.4521
9.2511
5.7824
3.863
2.604
1.6618
0.9579
0.4203
0.0867
0.0032
0
0
0
0
0
0
0
0
0
0
0
0
0
0
0
0
0
0
0
0
0
0
0
0
0
0
0
0.0032
0.0867
0.4203
0.9579
1.6618
2.604
3.863
5.7824
9.2511
12.4521
12.8661
12.8685
12.8685
12.8685
12.8685
12.8685
12.8685
12.8685
12.8685
12.8685
12.8685
12.8685
12.8685
12.8685
12.8685
12.8685
12.8685
12.8685
12.8685
12.8685
12.8685
12.8685
12.8697
12.8697
12.8697
12.8697
12.8697
12.8697
12.8697
12.8697
12.8697
12.8697
12.8697
12.8697
12.8697
12.8697
12.8697
12.8697
12.8697
12.8697
12.8697
12.8697
12.8697
12.868
12.4946
9.3257
5.7953
3.8518
2.5821
1.6352
0.9301
0.3939
0.0736
0.0022
0
0
0
0
0
0
0
0
0
0
0
0
0
0
0
0
0
0
0
0
0
0
0
0
0
0
0
0.0022
0.0736
0.3939
0.9301
1.6352
2.5821
3.8518
5.7953
9.3257
12.4946
12.868
12.8697
12.8697
12.8697
12.8697
12.8697
12.8697
12.8697
12.8697
12.8697
12.8697
12.8697
12.8697
12.8697
12.8697
12.8697
12.8697
12.8697
12.8697
12.8697
12.8697
12.8697
12.871
12.871
12.871
12.871
12.871
12.871
12.871
12.871
12.871
12.871
12.871
12.871
12.871
12.871
12.871
12.871
12.871
12.871
12.871
12.871
12.871
12.8698
12.5341
9.4003
5.8082
3.8406
2.5604
1.6089
0.9025
0.3683
0.062
0.0014
0
0
0
0
0
0
0
0
0
0
0
0
0
0
0
0
0
0
0
0
0
0
0
0
0
0
0
0.0014
0.062
0.3683
0.9025
1.6089
2.5604
3.8406
5.8082
9.4003
12.5341
12.8698
12.871
12.871
12.871
12.871
12.871
12.871
12.871
12.871
12.871
12.871
12.871
12.871
12.871
12.871
12.871
12.871
12.871
12.871
12.871
12.871
12.871
12.8723
12.8723
12.8723
12.8723
12.8723
12.8723
12.8723
12.8723
12.8723
12.8723
12.8723
12.8723
12.8723
12.8723
12.8723
12.8723
12.8723
12.8723
12.8723
12.8723
12.8723
12.8714
12.5704
9.475
5.8211
3.8295
2.5388
1.5828
0.8753
0.3433
0.0517
0.0009
0
0
0
0
0
0
0
0
0
0
0
0
0
0
0
0
0
0
0
0
0
0
0
0
0
0
0
0.0009
0.0517
0.3433
0.8753
1.5828
2.5388
3.8295
5.8211
9.475
12.5704
12.8714
12.8723
12.8723
12.8723
12.8723
12.8723
12.8723
12.8723
12.8723
12.8723
12.8723
12.8723
12.8723
12.8723
12.8723
12.8723
12.8723
12.8723
12.8723
12.8723
12.8723
12.8723
12.8736
12.8736
12.8736
12.8736
12.8736
12.8736
12.8736
12.8736
12.8736
12.8736
12.8736
12.8736
12.8736
12.8736
12.8736
12.8736
12.8736
12.8736
12.8736
12.8736
12.8736
12.873
12.604
9.5498
5.8342
3.8184
2.5173
1.557
0.8484
0.3191
0.0427
0.0006
0
0
0
0
0
0
0
0
0
0
0
0
0
0
0
0
0
0
0
0
0
0
0
0
0
0
0
0.0006
0.0427
0.3191
0.8484
1.557
2.5173
3.8184
5.8342
9.5498
12.604
12.873
12.8736
12.8736
12.8736
12.8736
12.8736
12.8736
12.8736
12.8736
12.8736
12.8736
12.8736
12.8736
12.8736
12.8736
12.8736
12.8736
12.8736
12.8736
12.8736
12.8736
12.8736
12.875
12.875
12.875
12.875
12.875
12.875
12.875
12.875
12.875
12.875
12.875
12.875
12.875
12.875
12.875
12.875
12.875
12.875
12.875
12.875
12.875
12.8745
12.6348
9.6245
5.8472
3.8073
2.4959
1.5314
0.8218
0.2958
0.0349
0.0003
0
0
0
0
0
0
0
0
0
0
0
0
0
0
0
0
0
0
0
0
0
0
0
0
0
0
0
0.0003
0.0349
0.2958
0.8218
1.5314
2.4959
3.8073
5.8472
9.6245
12.6348
12.8745
12.875
12.875
12.875
12.875
12.875
12.875
12.875
12.875
12.875
12.875
12.875
12.875
12.875
12.875
12.875
12.875
12.875
12.875
12.875
12.875
12.875
12.8763
12.8763
12.8763
12.8763
12.8763
12.8763
12.8763
12.8763
12.8763
12.8763
12.8763
12.8763
12.8763
12.8763
12.8763
12.8763
12.8763
12.8763
12.8763
12.8763
12.8763
12.876
12.663
9.6991
5.8603
3.7963
2.4746
1.5061
0.7955
0.2732
0.0282
0.0002
0
0
0
0
0
0
0
0
0
0
0
0
0
0
0
0
0
0
0
0
0
0
0
0
0
0
0
0.0002
0.0282
0.2732
0.7955
1.5061
2.4746
3.7963
5.8603
9.6991
12.663
12.876
12.8763
12.8763
12.8763
12.8763
12.8763
12.8763
12.8763
12.8763
12.8763
12.8763
12.8763
12.8763
12.8763
12.8763
12.8763
12.8763
12.8763
12.8763
12.8763
12.8763
12.8763
12.8777
12.8777
12.8777
12.8777
12.8777
12.8777
12.8777
12.8777
12.8777
12.8777
12.8777
12.8777
12.8777
12.8777
12.8777
12.8777
12.8777
12.8777
12.8777
12.8777
12.8777
12.8774
12.6887
9.7736
5.8735
3.7853
2.4535
1.481
0.7695
0.2515
0.0225
0.0001
0
0
0
0
0
0
0
0
0
0
0
0
0
0
0
0
0
0
0
0
0
0
0
0
0
0
0
0.0001
0.0225
0.2515
0.7695
1.481
2.4535
3.7853
5.8735
9.7736
12.6887
12.8774
12.8777
12.8777
12.8777
12.8777
12.8777
12.8777
12.8777
12.8777
12.8777
12.8777
12.8777
12.8777
12.8777
12.8777
12.8777
12.8777
12.8777
12.8777
12.8777
12.8777
12.8777
12.879
12.879
12.879
12.879
12.879
12.879
12.879
12.879
12.879
12.879
12.879
12.879
12.879
12.879
12.879
12.879
12.879
12.879
12.879
12.879
12.879
12.8789
12.7122
9.848
5.8867
3.7744
2.4325
1.4562
0.7438
0.2307
0.0178
0.0001
0
0
0
0
0
0
0
0
0
0
0
0
0
0
0
0
0
0
0
0
0
0
0
0
0
0
0
0.0001
0.0178
0.2307
0.7438
1.4562
2.4325
3.7744
5.8867
9.848
12.7122
12.8789
12.879
12.879
12.879
12.879
12.879
12.879
12.879
12.879
12.879
12.879
12.879
12.879
12.879
12.879
12.879
12.879
12.879
12.879
12.879
12.879
12.879
12.8804
12.8804
12.8804
12.8804
12.8804
12.8804
12.8804
12.8804
12.8804
12.8804
12.8804
12.8804
12.8804
12.8804
12.8804
12.8804
12.8804
12.8804
12.8804
12.8804
12.8804
12.8803
12.7336
9.9222
5.9
3.7635
2.4116
1.4316
0.7184
0.2109
0.0139
0
0
0
0
0
0
0
0
0
0
0
0
0
0
0
0
0
0
0
0
0
0
0
0
0
0
0
0
0
0.0139
0.2109
0.7184
1.4316
2.4116
3.7635
5.9
9.9222
12.7336
12.8803
12.8804
12.8804
12.8804
12.8804
12.8804
12.8804
12.8804
12.8804
12.8804
12.8804
12.8804
12.8804
12.8804
12.8804
12.8804
12.8804
12.8804
12.8804
12.8804
12.8804
12.8804
12.8818
12.8818
12.8818
12.8818
12.8818
12.8818
12.8818
12.8818
12.8818
12.8818
12.8818
12.8818
12.8818
12.8818
12.8818
12.8818
12.8818
12.8818
12.8818
12.8818
12.8818
12.8818
12.753
9.9962
5.9133
3.7526
2.3908
1.4072
0.6933
0.192
0.0107
0
0
0
0
0
0
0
0
0
0
0
0
0
0
0
0
0
0
0
0
0
0
0
0
0
0
0
0
0
0.0107
0.192
0.6933
1.4072
2.3908
3.7526
5.9133
9.9962
12.753
12.8818
12.8818
12.8818
12.8818
12.8818
12.8818
12.8818
12.8818
12.8818
12.8818
12.8818
12.8818
12.8818
12.8818
12.8818
12.8818
12.8818
12.8818
12.8818
12.8818
12.8818
12.8818
12.8833
12.8833
12.8833
12.8833
12.8833
12.8833
12.8833
12.8833
12.8833
12.8833
12.8833
12.8833
12.8833
12.8833
12.8833
12.8833
12.8833
12.8833
12.8833
12.8833
12.8833
12.8832
12.7706
10.0698
5.9266
3.7418
2.3701
1.3831
0.6684
0.174
0.0081
0
0
0
0
0
0
0
0
0
0
0
0
0
0
0
0
0
0
0
0
0
0
0
0
0
0
0
0
0
0.0081
0.174
0.6684
1.3831
2.3701
3.7418
5.9266
10.0698
12.7706
12.8832
12.8833
12.8833
12.8833
12.8833
12.8833
12.8833
12.8833
12.8833
12.8833
12.8833
12.8833
12.8833
12.8833
12.8833
12.8833
12.8833
12.8833
12.8833
12.8833
12.8833
12.8833
12.8847
12.8847
12.8847
12.8847
12.8847
12.8847
12.8847
12.8847
12.8847
12.8847
12.8847
12.8847
12.8847
12.8847
12.8847
12.8847
12.8847
12.8847
12.8847
12.8847
12.8847
12.8847
12.7864
10.1432
5.9401
3.731
2.3496
1.3592
0.6439
0.1571
0.006
0
0
0
0
0
0
0
0
0
0
0
0
0
0
0
0
0
0
0
0
0
0
0
0
0
0
0
0
0
0.006
0.1571
0.6439
1.3592
2.3496
3.731
5.9401
10.1432
12.7864
12.8847
12.8847
12.8847
12.8847
12.8847
12.8847
12.8847
12.8847
12.8847
12.8847
12.8847
12.8847
12.8847
12.8847
12.8847
12.8847
12.8847
12.8847
12.8847
12.8847
12.8847
12.8847
12.8862
12.8862
12.8862
12.8862
12.8862
12.8862
12.8862
12.8862
12.8862
12.8862
12.8862
12.8862
12.8862
12.8862
12.8862
12.8862
12.8862
12.8862
12.8862
12.8862
12.8862
12.8861
12.8007
10.2162
5.9535
3.7202
2.3292
1.3355
0.6197
0.1411
0.0045
0
0
0
0
0
0
0
0
0
0
0
0
0
0
0
0
0
0
0
0
0
0
0
0
0
0
0
0
0
0.0045
0.1411
0.6197
1.3355
2.3292
3.7202
5.9535
10.2162
12.8007
12.8861
12.8862
12.8862
12.8862
12.8862
12.8862
12.8862
12.8862
12.8862
12.8862
12.8862
12.8862
12.8862
12.8862
12.8862
12.8862
12.8862
12.8862
12.8862
12.8862
12.8862
12.8862
12.8876
12.8876
12.8876
12.8876
12.8876
12.8876
12.8876
12.8876
12.8876
12.8876
12.8876
12.8876
12.8876
12.8876
12.8876
12.8876
12.8876
12.8876
12.8876
12.8876
12.8876
12.8876
12.8136
10.2888
5.967
3.7095
2.3089
1.312
0.5958
0.1262
0.0032
0
0
0
0
0
0
0
0
0
0
0
0
0
0
0
0
0
0
0
0
0
0
0
0
0
0
0
0
0
0.0032
0.1262
0.5958
1.312
2.3089
3.7095
5.967
10.2888
12.8136
12.8876
12.8876
12.8876
12.8876
12.8876
12.8876
12.8876
12.8876
12.8876
12.8876
12.8876
12.8876
12.8876
12.8876
12.8876
12.8876
12.8876
12.8876
12.8876
12.8876
12.8876
12.8876
12.8891
12.8891
12.8891
12.8891
12.8891
12.8891
12.8891
12.8891
12.8891
12.8891
12.8891
12.8891
12.8891
12.8891
12.8891
12.8891
12.8891
12.8891
12.8891
12.8891
12.8891
12.8891
12.8252
10.361
5.9806
3.6988
2.2887
1.2888
0.5722
0.1123
0.0023
0
0
0
0
0
0
0
0
0
0
0
0
0
0
0
0
0
0
0
0
0
0
0
0
0
0
0
0
0
0.0023
0.1123
0.5722
1.2888
2.2887
3.6988
5.9806
10.361
12.8252
12.8891
12.8891
12.8891
12.8891
12.8891
12.8891
12.8891
12.8891
12.8891
12.8891
12.8891
12.8891
12.8891
12.8891
12.8891
12.8891
12.8891
12.8891
12.8891
12.8891
12.8891
12.8891
12.8906
12.8906
12.8906
12.8906
12.8906
12.8906
12.8906
12.8906
12.8906
12.8906
12.8906
12.8906
12.8906
12.8906
12.8906
12.8906
12.8906
12.8906
12.8906
12.8906
12.8906
12.8906
12.8356
10.4327
5.9942
3.6881
2.2686
1.2658
0.549
0.0994
0.0016
0
0
0
0
0
0
0
0
0
0
0
0
0
0
0
0
0
0
0
0
0
0
0
0
0
0
0
0
0
0.0016
0.0994
0.549
1.2658
2.2686
3.6881
5.9942
10.4327
12.8356
12.8906
12.8906
12.8906
12.8906
12.8906
12.8906
12.8906
12.8906
12.8906
12.8906
12.8906
12.8906
12.8906
12.8906
12.8906
12.8906
12.8906
12.8906
12.8906
12.8906
12.8906
12.8906
12.8922
12.8922
12.8922
12.8922
12.8922
12.8922
12.8922
12.8922
12.8922
12.8922
12.8922
12.8922
12.8922
12.8922
12.8922
12.8922
12.8922
12.8922
12.8922
12.8922
12.8922
12.8922
12.845
10.5038
6.0079
3.6775
2.2486
1.2429
0.526
0.0875
0.0011
0
0
0
0
0
0
0
0
0
0
0
0
0
0
0
0
0
0
0
0
0
0
0
0
0
0
0
0
0
0.0011
0.0875
0.526
1.2429
2.2486
3.6775
6.0079
10.5038
12.845
12.8922
12.8922
12.8922
12.8922
12.8922
12.8922
12.8922
12.8922
12.8922
12.8922
12.8922
12.8922
12.8922
12.8922
12.8922
12.8922
12.8922
12.8922
12.8922
12.8922
12.8922
12.8922
12.8937
12.8937
12.8937
12.8937
12.8937
12.8937
12.8937
12.8937
12.8937
12.8937
12.8937
12.8937
12.8937
12.8937
12.8937
12.8937
12.8937
12.8937
12.8937
12.8937
12.8937
12.8937
12.8534
10.5744
6.0216
3.6669
2.2288
1.2203
0.5035
0.0766
0.0007
0
0
0
0
0
0
0
0
0
0
0
0
0
0
0
0
0
0
0
0
0
0
0
0
0
0
0
0
0
0.0007
0.0766
0.5035
1.2203
2.2288
3.6669
6.0216
10.5744
12.8534
12.8937
12.8937
12.8937
12.8937
12.8937
12.8937
12.8937
12.8937
12.8937
12.8937
12.8937
12.8937
12.8937
12.8937
12.8937
12.8937
12.8937
12.8937
12.8937
12.8937
12.8937
12.8937
12.8953
12.8953
12.8953
12.8953
12.8953
12.8953
12.8953
12.8953
12.8953
12.8953
12.8953
12.8953
12.8953
12.8953
12.8953
12.8953
12.8953
12.8953
12.8953
12.8953
12.8953
12.8953
12.8609
10.6444
6.0354
3.6563
2.2091
1.1979
0.4813
0.0666
0.0005
0
0
0
0
0
0
0
0
0
0
0
0
0
0
0
0
0
0
0
0
0
0
0
0
0
0
0
0
0
0.0005
0.0666
0.4813
1.1979
2.2091
3.6563
6.0354
10.6444
12.8609
12.8953
12.8953
12.8953
12.8953
12.8953
12.8953
12.8953
12.8953
12.8953
12.8953
12.8953
12.8953
12.8953
12.8953
12.8953
12.8953
12.8953
12.8953
12.8953
12.8953
12.8953
12.8953
12.8968
12.8968
12.8968
12.8968
12.8968
12.8968
12.8968
12.8968
12.8968
12.8968
12.8968
12.8968
12.8968
12.8968
12.8968
12.8968
12.8968
12.8968
12.8968
12.8968
12.8968
12.8968
12.8677
10.7137
6.0492
3.6458
2.1895
1.1757
0.4594
0.0576
0.0003
0
0
0
0
0
0
0
0
0
0
0
0
0
0
0
0
0
0
0
0
0
0
0
0
0
0
0
0
0
0.0003
0.0576
0.4594
1.1757
2.1895
3.6458
6.0492
10.7137
12.8677
12.8968
12.8968
12.8968
12.8968
12.8968
12.8968
12.8968
12.8968
12.8968
12.8968
12.8968
12.8968
12.8968
12.8968
12.8968
12.8968
12.8968
12.8968
12.8968
12.8968
12.8968
12.8968
12.8984
12.8984
12.8984
12.8984
12.8984
12.8984
12.8984
12.8984
12.8984
12.8984
12.8984
12.8984
12.8984
12.8984
12.8984
12.8984
12.8984
12.8984
12.8984
12.8984
12.8984
12.8984
12.8738
10.7822
6.0631
3.6353
2.17
1.1537
0.4379
0.0495
0.0002
0
0
0
0
0
0
0
0
0
0
0
0
0
0
0
0
0
0
0
0
0
0
0
0
0
0
0
0
0
0.0002
0.0495
0.4379
1.1537
2.17
3.6353
6.0631
10.7822
12.8738
12.8984
12.8984
12.8984
12.8984
12.8984
12.8984
12.8984
12.8984
12.8984
12.8984
12.8984
12.8984
12.8984
12.8984
12.8984
12.8984
12.8984
12.8984
12.8984
12.8984
12.8984
12.8984
12.9
12.9
12.9
12.9
12.9
12.9
12.9
12.9
12.9
12.9
12.9
12.9
12.9
12.9
12.9
12.9
12.9
12.9
12.9
12.9
12.9
12.9
12.8792
10.8501
6.0771
3.6248
2.1506
1.1319
0.4169
0.0422
0.0001
0
0
0
0
0
0
0
0
0
0
0
0
0
0
0
0
0
0
0
0
0
0
0
0
0
0
0
0
0
0.0001
0.0422
0.4169
1.1319
2.1506
3.6248
6.0771
10.8501
12.8792
12.9
12.9
12.9
12.9
12.9
12.9
12.9
12.9
12.9
12.9
12.9
12.9
12.9
12.9
12.9
12.9
12.9
12.9
12.9
12.9
12.9
12.9
12.9016
12.9016
12.9016
12.9016
12.9016
12.9016
12.9016
12.9016
12.9016
12.9016
12.9016
12.9016
12.9016
12.9016
12.9016
12.9016
12.9016
12.9016
12.9016
12.9016
12.9016
12.9016
12.8842
10.9171
6.091
3.6144
2.1313
1.1103
0.3962
0.0358
0.0001
0
0
0
0
0
0
0
0
0
0
0
0
0
0
0
0
0
0
0
0
0
0
0
0
0
0
0
0
0
0.0001
0.0358
0.3962
1.1103
2.1313
3.6144
6.091
10.9171
12.8842
12.9016
12.9016
12.9016
12.9016
12.9016
12.9016
12.9016
12.9016
12.9016
12.9016
12.9016
12.9016
12.9016
12.9016
12.9016
12.9016
12.9016
12.9016
12.9016
12.9016
12.9016
12.9016
12.9033
12.9033
12.9033
12.9033
12.9033
12.9033
12.9033
12.9033
12.9033
12.9033
12.9033
12.9033
12.9033
12.9033
12.9033
12.9033
12.9033
12.9033
12.9033
12.9033
12.9033
12.9033
12.8887
10.9834
6.1051
3.604
2.1121
1.0888
0.376
0.0301
0
0
0
0
0
0
0
0
0
0
0
0
0
0
0
0
0
0
0
0
0
0
0
0
0
0
0
0
0
0
0
0.0301
0.376
1.0888
2.1121
3.604
6.1051
10.9834
12.8887
12.9033
12.9033
12.9033
12.9033
12.9033
12.9033
12.9033
12.9033
12.9033
12.9033
12.9033
12.9033
12.9033
12.9033
12.9033
12.9033
12.9033
12.9033
12.9033
12.9033
12.9033
12.9033
12.9049
12.9049
12.9049
12.9049
12.9049
12.9049
12.9049
12.9049
12.9049
12.9049
12.9049
12.9049
12.9049
12.9049
12.9049
12.9049
12.9049
12.9049
12.9049
12.9049
12.9049
12.9049
12.8928
11.0487
6.1192
3.5936
2.0931
1.0676
0.3562
0.0251
0
0
0
0
0
0
0
0
0
0
0
0
0
0
0
0
0
0
0
0
0
0
0
0
0
0
0
0
0
0
0
0.0251
0.3562
1.0676
2.0931
3.5936
6.1192
11.0487
12.8928
12.9049
12.9049
12.9049
12.9049
12.9049
12.9049
12.9049
12.9049
12.9049
12.9049
12.9049
12.9049
12.9049
12.9049
12.9049
12.9049
12.9049
12.9049
12.9049
12.9049
12.9049
12.9049
12.9066
12.9066
12.9066
12.9066
12.9066
12.9066
12.9066
12.9066
12.9066
12.9066
12.9066
12.9066
12.9066
12.9066
12.9066
12.9066
12.9066
12.9066
12.9066
12.9066
12.9066
12.9066
12.8965
11.1132
6.1333
3.5833
2.0742
1.0465
0.3368
0.0208
0
0
0
0
0
0
0
0
0
0
0
0
0
0
0
0
0
0
0
0
0
0
0
0
0
0
0
0
0
0
0
0.0208
0.3368
1.0465
2.0742
3.5833
6.1333
11.1132
12.8965
12.9066
12.9066
12.9066
12.9066
12.9066
12.9066
12.9066
12.9066
12.9066
12.9066
12.9066
12.9066
12.9066
12.9066
12.9066
12.9066
12.9066
12.9066
12.9066
12.9066
12.9066
12.9066
12.9083
12.9083
12.9083
12.9083
12.9083
12.9083
12.9083
12.9083
12.9083
12.9083
12.9083
12.9083
12.9083
12.9083
12.9083
12.9083
12.9083
12.9083
12.9083
12.9083
12.9083
12.9083
12.9
11.1767
6.1475
3.573
2.0553
1.0256
0.318
0.0171
0
0
0
0
0
0
0
0
0
0
0
0
0
0
0
0
0
0
0
0
0
0
0
0
0
0
0
0
0
0
0
0.0171
0.318
1.0256
2.0553
3.573
6.1475
11.1767
12.9
12.9083
12.9083
12.9083
12.9083
12.9083
12.9083
12.9083
12.9083
12.9083
12.9083
12.9083
12.9083
12.9083
12.9083
12.9083
12.9083
12.9083
12.9083
12.9083
12.9083
12.9083
12.9083
12.91
12.91
12.91
12.91
12.91
12.91
12.91
12.91
12.91
12.91
12.91
12.91
12.91
12.91
12.91
12.91
12.91
12.91
12.91
12.91
12.91
12.91
12.9032
11.2393
6.1618
3.5627
2.0366
1.0049
0.2996
0.0139
0
0
0
0
0
0
0
0
0
0
0
0
0
0
0
0
0
0
0
0
0
0
0
0
0
0
0
0
0
0
0
0.0139
0.2996
1.0049
2.0366
3.5627
6.1618
11.2393
12.9032
12.91
12.91
12.91
12.91
12.91
12.91
12.91
12.91
12.91
12.91
12.91
12.91
12.91
12.91
12.91
12.91
12.91
12.91
12.91
12.91
12.91
12.91
12.9117
12.9117
12.9117
12.9117
12.9117
12.9117
12.9117
12.9117
12.9117
12.9117
12.9117
12.9117
12.9117
12.9117
12.9117
12.9117
12.9117
12.9117
12.9117
12.9117
12.9117
12.9117
12.9061
11.3008
6.1761
3.5525
2.018
0.9843
0.2817
0.0112
0
0
0
0
0
0
0
0
0
0
0
0
0
0
0
0
0
0
0
0
0
0
0
0
0
0
0
0
0
0
0
0.0112
0.2817
0.9843
2.018
3.5525
6.1761
11.3008
12.9061
12.9117
12.9117
12.9117
12.9117
12.9117
12.9117
12.9117
12.9117
12.9117
12.9117
12.9117
12.9117
12.9117
12.9117
12.9117
12.9117
12.9117
12.9117
12.9117
12.9117
12.9117
12.9117
12.9135
12.9135
12.9135
12.9135
12.9135
12.9135
12.9135
12.9135
12.9135
12.9135
12.9135
12.9135
12.9135
12.9135
12.9135
12.9135
12.9135
12.9135
12.9135
12.9135
12.9135
12.9135
12.9089
11.3614
6.1905
3.5423
1.9995
0.964
0.2644
0.009
0
0
0
0
0
0
0
0
0
0
0
0
0
0
0
0
0
0
0
0
0
0
0
0
0
0
0
0
0
0
0
0.009
0.2644
0.964
1.9995
3.5423
6.1905
11.3614
12.9089
12.9135
12.9135
12.9135
12.9135
12.9135
12.9135
12.9135
12.9135
12.9135
12.9135
12.9135
12.9135
12.9135
12.9135
12.9135
12.9135
12.9135
12.9135
12.9135
12.9135
12.9135
12.9135
12.9152
12.9152
12.9152
12.9152
12.9152
12.9152
12.9152
12.9152
12.9152
12.9152
12.9152
12.9152
12.9152
12.9152
12.9152
12.9152
12.9152
12.9152
12.9152
12.9152
12.9152
12.9152
12.9115
11.4208
6.2049
3.5321
1.9812
0.9437
0.2476
0.0071
0
0
0
0
0
0
0
0
0
0
0
0
0
0
0
0
0
0
0
0
0
0
0
0
0
0
0
0
0
0
0
0.0071
0.2476
0.9437
1.9812
3.5321
6.2049
11.4208
12.9115
12.9152
12.9152
12.9152
12.9152
12.9152
12.9152
12.9152
12.9152
12.9152
12.9152
12.9152
12.9152
12.9152
12.9152
12.9152
12.9152
12.9152
12.9152
12.9152
12.9152
12.9152
12.9152
12.917
12.917
12.917
12.917
12.917
12.917
12.917
12.917
12.917
12.917
12.917
12.917
12.917
12.917
12.917
12.917
12.917
12.917
12.917
12.917
12.917
12.917
12.914
11.4792
6.2194
3.5219
1.9629
0.9237
0.2313
0.0056
0
0
0
0
0
0
0
0
0
0
0
0
0
0
0
0
0
0
0
0
0
0
0
0
0
0
0
0
0
0
0
0.0056
0.2313
0.9237
1.9629
3.5219
6.2194
11.4792
12.914
12.917
12.917
12.917
12.917
12.917
12.917
12.917
12.917
12.917
12.917
12.917
12.917
12.917
12.917
12.917
12.917
12.917
12.917
12.917
12.917
12.917
12.917
12.9188
12.9188
12.9188
12.9188
12.9188
12.9188
12.9188
12.9188
12.9188
12.9188
12.9188
12.9188
12.9188
12.9188
12.9188
12.9188
12.9188
12.9188
12.9188
12.9188
12.9188
12.9188
12.9164
11.5364
6.2339
3.5118
1.9447
0.9038
0.2157
0.0043
0
0
0
0
0
0
0
0
0
0
0
0
0
0
0
0
0
0
0
0
0
0
0
0
0
0
0
0
0
0
0
0.0043
0.2157
0.9038
1.9447
3.5118
6.2339
11.5364
12.9164
12.9188
12.9188
12.9188
12.9188
12.9188
12.9188
12.9188
12.9188
12.9188
12.9188
12.9188
12.9188
12.9188
12.9188
12.9188
12.9188
12.9188
12.9188
12.9188
12.9188
12.9188
12.9188
12.9206
12.9206
12.9206
12.9206
12.9206
12.9206
12.9206
12.9206
12.9206
12.9206
12.9206
12.9206
12.9206
12.9206
12.9206
12.9206
12.9206
12.9206
12.9206
12.9206
12.9206
12.9206
12.9186
11.5925
6.2485
3.5017
1.9267
0.8841
0.2006
0.0033
0
0
0
0
0
0
0
0
0
0
0
0
0
0
0
0
0
0
0
0
0
0
0
0
0
0
0
0
0
0
0
0.0033
0.2006
0.8841
1.9267
3.5017
6.2485
11.5925
12.9186
12.9206
12.9206
12.9206
12.9206
12.9206
12.9206
12.9206
12.9206
12.9206
12.9206
12.9206
12.9206
12.9206
12.9206
12.9206
12.9206
12.9206
12.9206
12.9206
12.9206
12.9206
12.9206
12.9224
12.9224
12.9224
12.9224
12.9224
12.9224
12.9224
12.9224
12.9224
12.9224
12.9224
12.9224
12.9224
12.9224
12.9224
12.9224
12.9224
12.9224
12.9224
12.9224
12.9224
12.9224
12.9209
11.6474
6.2632
3.4917
1.9087
0.8645
0.186
0.0025
0
0
0
0
0
0
0
0
0
0
0
0
0
0
0
0
0
0
0
0
0
0
0
0
0
0
0
0
0
0
0
0.0025
0.186
0.8645
1.9087
3.4917
6.2632
11.6474
12.9209
12.9224
12.9224
12.9224
12.9224
12.9224
12.9224
12.9224
12.9224
12.9224
12.9224
12.9224
12.9224
12.9224
12.9224
12.9224
12.9224
12.9224
12.9224
12.9224
12.9224
12.9224
12.9224
12.9243
12.9243
12.9243
12.9243
12.9243
12.9243
12.9243
12.9243
12.9243
12.9243
12.9243
12.9243
12.9243
12.9243
12.9243
12.9243
12.9243
12.9243
12.9243
12.9243
12.9243
12.9243
12.923
11.7012
6.2779
3.4816
1.8909
0.8451
0.1721
0.0019
0
0
0
0
0
0
0
0
0
0
0
0
0
0
0
0
0
0
0
0
0
0
0
0
0
0
0
0
0
0
0
0.0019
0.1721
0.8451
1.8909
3.4816
6.2779
11.7012
12.923
12.9243
12.9243
12.9243
12.9243
12.9243
12.9243
12.9243
12.9243
12.9243
12.9243
12.9243
12.9243
12.9243
12.9243
12.9243
12.9243
12.9243
12.9243
12.9243
12.9243
12.9243
12.9243
12.9261
12.9261
12.9261
12.9261
12.9261
12.9261
12.9261
12.9261
12.9261
12.9261
12.9261
12.9261
12.9261
12.9261
12.9261
12.9261
12.9261
12.9261
12.9261
12.9261
12.9261
12.9261
12.9251
11.7537
6.2926
3.4716
1.8732
0.8258
0.1588
0.0014
0
0
0
0
0
0
0
0
0
0
0
0
0
0
0
0
0
0
0
0
0
0
0
0
0
0
0
0
0
0
0
0.0014
0.1588
0.8258
1.8732
3.4716
6.2926
11.7537
12.9251
12.9261
12.9261
12.9261
12.9261
12.9261
12.9261
12.9261
12.9261
12.9261
12.9261
12.9261
12.9261
12.9261
12.9261
12.9261
12.9261
12.9261
12.9261
12.9261
12.9261
12.9261
12.9261
12.928
12.928
12.928
12.928
12.928
12.928
12.928
12.928
12.928
12.928
12.928
12.928
12.928
12.928
12.928
12.928
12.928
12.928
12.928
12.928
12.928
12.928
12.9272
11.805
6.3075
3.4616
1.8556
0.8067
0.1462
0.001
0
0
0
0
0
0
0
0
0
0
0
0
0
0
0
0
0
0
0
0
0
0
0
0
0
0
0
0
0
0
0
0.001
0.1462
0.8067
1.8556
3.4616
6.3075
11.805
12.9272
12.928
12.928
12.928
12.928
12.928
12.928
12.928
12.928
12.928
12.928
12.928
12.928
12.928
12.928
12.928
12.928
12.928
12.928
12.928
12.928
12.928
12.928
12.9299
12.9299
12.9299
12.9299
12.9299
12.9299
12.9299
12.9299
12.9299
12.9299
12.9299
12.9299
12.9299
12.9299
12.9299
12.9299
12.9299
12.9299
12.9299
12.9299
12.9299
12.9299
12.9293
11.8551
6.3223
3.4517
1.838
0.7878
0.1341
0.0007
0
0
0
0
0
0
0
0
0
0
0
0
0
0
0
0
0
0
0
0
0
0
0
0
0
0
0
0
0
0
0
0.0007
0.1341
0.7878
1.838
3.4517
6.3223
11.8551
12.9293
12.9299
12.9299
12.9299
12.9299
12.9299
12.9299
12.9299
12.9299
12.9299
12.9299
12.9299
12.9299
12.9299
12.9299
12.9299
12.9299
12.9299
12.9299
12.9299
12.9299
12.9299
12.9299
12.9318
12.9318
12.9318
12.9318
12.9318
12.9318
12.9318
12.9318
12.9318
12.9318
12.9318
12.9318
12.9318
12.9318
12.9318
12.9318
12.9318
12.9318
12.9318
12.9318
12.9318
12.9318
12.9313
11.9039
6.3373
3.4418
1.8206
0.769
0.1227
0.0005
0
0
0
0
0
0
0
0
0
0
0
0
0
0
0
0
0
0
0
0
0
0
0
0
0
0
0
0
0
0
0
0.0005
0.1227
0.769
1.8206
3.4418
6.3373
11.9039
12.9313
12.9318
12.9318
12.9318
12.9318
12.9318
12.9318
12.9318
12.9318
12.9318
12.9318
12.9318
12.9318
12.9318
12.9318
12.9318
12.9318
12.9318
12.9318
12.9318
12.9318
12.9318
12.9318
12.9337
12.9337
12.9337
12.9337
12.9337
12.9337
12.9337
12.9337
12.9337
12.9337
12.9337
12.9337
12.9337
12.9337
12.9337
12.9337
12.9337
12.9337
12.9337
12.9337
12.9337
12.9337
12.9334
11.9515
6.3523
3.4319
1.8033
0.7504
0.1119
0.0004
0
0
0
0
0
0
0
0
0
0
0
0
0
0
0
0
0
0
0
0
0
0
0
0
0
0
0
0
0
0
0
0.0004
0.1119
0.7504
1.8033
3.4319
6.3523
11.9515
12.9334
12.9337
12.9337
12.9337
12.9337
12.9337
12.9337
12.9337
12.9337
12.9337
12.9337
12.9337
12.9337
12.9337
12.9337
12.9337
12.9337
12.9337
12.9337
12.9337
12.9337
12.9337
12.9337
12.9357
12.9357
12.9357
12.9357
12.9357
12.9357
12.9357
12.9357
12.9357
12.9357
12.9357
12.9357
12.9357
12.9357
12.9357
12.9357
12.9357
12.9357
12.9357
12.9357
12.9357
12.9357
12.9354
11.9978
6.3673
3.422
1.7861
0.7319
0.1017
0.0003
0
0
0
0
0
0
0
0
0
0
0
0
0
0
0
0
0
0
0
0
0
0
0
0
0
0
0
0
0
0
0
0.0003
0.1017
0.7319
1.7861
3.422
6.3673
11.9978
12.9354
12.9357
12.9357
12.9357
12.9357
12.9357
12.9357
12.9357
12.9357
12.9357
12.9357
12.9357
12.9357
12.9357
12.9357
12.9357
12.9357
12.9357
12.9357
12.9357
12.9357
12.9357
12.9357
12.9376
12.9376
12.9376
12.9376
12.9376
12.9376
12.9376
12.9376
12.9376
12.9376
12.9376
12.9376
12.9376
12.9376
12.9376
12.9376
12.9376
12.9376
12.9376
12.9376
12.9376
12.9376
12.9374
12.0428
6.3824
3.4122
1.769
0.7136
0.0921
0.0002
0
0
0
0
0
0
0
0
0
0
0
0
0
0
0
0
0
0
0
0
0
0
0
0
0
0
0
0
0
0
0
0.0002
0.0921
0.7136
1.769
3.4122
6.3824
12.0428
12.9374
12.9376
12.9376
12.9376
12.9376
12.9376
12.9376
12.9376
12.9376
12.9376
12.9376
12.9376
12.9376
12.9376
12.9376
12.9376
12.9376
12.9376
12.9376
12.9376
12.9376
12.9376
12.9376
12.9396
12.9396
12.9396
12.9396
12.9396
12.9396
12.9396
12.9396
12.9396
12.9396
12.9396
12.9396
12.9396
12.9396
12.9396
12.9396
12.9396
12.9396
12.9396
12.9396
12.9396
12.9396
12.9394
12.0866
6.3976
3.4024
1.752
0.6954
0.0832
0.0001
0
0
0
0
0
0
0
0
0
0
0
0
0
0
0
0
0
0
0
0
0
0
0
0
0
0
0
0
0
0
0
0.0001
0.0832
0.6954
1.752
3.4024
6.3976
12.0866
12.9394
12.9396
12.9396
12.9396
12.9396
12.9396
12.9396
12.9396
12.9396
12.9396
12.9396
12.9396
12.9396
12.9396
12.9396
12.9396
12.9396
12.9396
12.9396
12.9396
12.9396
12.9396
12.9396
12.9416
12.9416
12.9416
12.9416
12.9416
12.9416
12.9416
12.9416
12.9416
12.9416
12.9416
12.9416
12.9416
12.9416
12.9416
12.9416
12.9416
12.9416
12.9416
12.9416
12.9416
12.9416
12.9415
12.1291
6.4128
3.3926
1.7351
0.6774
0.0748
0.0001
0
0
0
0
0
0
0
0
0
0
0
0
0
0
0
0
0
0
0
0
0
0
0
0
0
0
0
0
0
0
0
0.0001
0.0748
0.6774
1.7351
3.3926
6.4128
12.1291
12.9415
12.9416
12.9416
12.9416
12.9416
12.9416
12.9416
12.9416
12.9416
12.9416
12.9416
12.9416
12.9416
12.9416
12.9416
12.9416
12.9416
12.9416
12.9416
12.9416
12.9416
12.9416
12.9416
12.9436
12.9436
12.9436
12.9436
12.9436
12.9436
12.9436
12.9436
12.9436
12.9436
12.9436
12.9436
12.9436
12.9436
12.9436
12.9436
12.9436
12.9436
12.9436
12.9436
12.9436
12.9436
12.9435
12.1704
6.4281
3.3828
1.7183
0.6595
0.0671
0.0001
0
0
0
0
0
0
0
0
0
0
0
0
0
0
0
0
0
0
0
0
0
0
0
0
0
0
0
0
0
0
0
0.0001
0.0671
0.6595
1.7183
3.3828
6.4281
12.1704
12.9435
12.9436
12.9436
12.9436
12.9436
12.9436
12.9436
12.9436
12.9436
12.9436
12.9436
12.9436
12.9436
12.9436
12.9436
12.9436
12.9436
12.9436
12.9436
12.9436
12.9436
12.9436
12.9436
12.9456
12.9456
12.9456
12.9456
12.9456
12.9456
12.9456
12.9456
12.9456
12.9456
12.9456
12.9456
12.9456
12.9456
12.9456
12.9456
12.9456
12.9456
12.9456
12.9456
12.9456
12.9456
12.9455
12.2104
6.4434
3.3731
1.7016
0.6418
0.0599
0
0
0
0
0
0
0
0
0
0
0
0
0
0
0
0
0
0
0
0
0
0
0
0
0
0
0
0
0
0
0
0
0
0.0599
0.6418
1.7016
3.3731
6.4434
12.2104
12.9455
12.9456
12.9456
12.9456
12.9456
12.9456
12.9456
12.9456
12.9456
12.9456
12.9456
12.9456
12.9456
12.9456
12.9456
12.9456
12.9456
12.9456
12.9456
12.9456
12.9456
12.9456
12.9456
12.9477
12.9477
12.9477
12.9477
12.9477
12.9477
12.9477
12.9477
12.9477
12.9477
12.9477
12.9477
12.9477
12.9477
12.9477
12.9477
12.9477
12.9477
12.9477
12.9477
12.9477
12.9477
12.9476
12.2491
6.4588
3.3634
1.685
0.6242
0.0533
0
0
0
0
0
0
0
0
0
0
0
0
0
0
0
0
0
0
0
0
0
0
0
0
0
0
0
0
0
0
0
0
0
0.0533
0.6242
1.685
3.3634
6.4588
12.2491
12.9476
12.9477
12.9477
12.9477
12.9477
12.9477
12.9477
12.9477
12.9477
12.9477
12.9477
12.9477
12.9477
12.9477
12.9477
12.9477
12.9477
12.9477
12.9477
12.9477
12.9477
12.9477
12.9477
12.9497
12.9497
12.9497
12.9497
12.9497
12.9497
12.9497
12.9497
12.9497
12.9497
12.9497
12.9497
12.9497
12.9497
12.9497
12.9497
12.9497
12.9497
12.9497
12.9497
12.9497
12.9497
12.9497
12.2866
6.4743
3.3537
1.6686
0.6069
0.0472
0
0
0
0
0
0
0
0
0
0
0
0
0
0
0
0
0
0
0
0
0
0
0
0
0
0
0
0
0
0
0
0
0
0.0472
0.6069
1.6686
3.3537
6.4743
12.2866
12.9497
12.9497
12.9497
12.9497
12.9497
12.9497
12.9497
12.9497
12.9497
12.9497
12.9497
12.9497
12.9497
12.9497
12.9497
12.9497
12.9497
12.9497
12.9497
12.9497
12.9497
12.9497
12.9497
12.9518
12.9518
12.9518
12.9518
12.9518
12.9518
12.9518
12.9518
12.9518
12.9518
12.9518
12.9518
12.9518
12.9518
12.9518
12.9518
12.9518
12.9518
12.9518
12.9518
12.9518
12.9518
12.9518
12.3228
6.4898
3.3441
1.6522
0.5896
0.0416
0
0
0
0
0
0
0
0
0
0
0
0
0
0
0
0
0
0
0
0
0
0
0
0
0
0
0
0
0
0
0
0
0
0.0416
0.5896
1.6522
3.3441
6.4898
12.3228
12.9518
12.9518
12.9518
12.9518
12.9518
12.9518
12.9518
12.9518
12.9518
12.9518
12.9518
12.9518
12.9518
12.9518
12.9518
12.9518
12.9518
12.9518
12.9518
12.9518
12.9518
12.9518
12.9518
12.9539
12.9539
12.9539
12.9539
12.9539
12.9539
12.9539
12.9539
12.9539
12.9539
12.9539
12.9539
12.9539
12.9539
12.9539
12.9539
12.9539
12.9539
12.9539
12.9539
12.9539
12.9539
12.9539
12.3578
6.5053
3.3345
1.6359
0.5726
0.0365
0
0
0
0
0
0
0
0
0
0
0
0
0
0
0
0
0
0
0
0
0
0
0
0
0
0
0
0
0
0
0
0
0
0.0365
0.5726
1.6359
3.3345
6.5053
12.3578
12.9539
12.9539
12.9539
12.9539
12.9539
12.9539
12.9539
12.9539
12.9539
12.9539
12.9539
12.9539
12.9539
12.9539
12.9539
12.9539
12.9539
12.9539
12.9539
12.9539
12.9539
12.9539
12.9539
12.956
12.956
12.956
12.956
12.956
12.956
12.956
12.956
12.956
12.956
12.956
12.956
12.956
12.956
12.956
12.956
12.956
12.956
12.956
12.956
12.956
12.956
12.956
12.3916
6.521
3.3249
1.6197
0.5557
0.0319
0
0
0
0
0
0
0
0
0
0
0
0
0
0
0
0
0
0
0
0
0
0
0
0
0
0
0
0
0
0
0
0
0
0.0319
0.5557
1.6197
3.3249
6.521
12.3916
12.956
12.956
12.956
12.956
12.956
12.956
12.956
12.956
12.956
12.956
12.956
12.956
12.956
12.956
12.956
12.956
12.956
12.956
12.956
12.956
12.956
12.956
12.956
12.9581
12.9581
12.9581
12.9581
12.9581
12.9581
12.9581
12.9581
12.9581
12.9581
12.9581
12.9581
12.9581
12.9581
12.9581
12.9581
12.9581
12.9581
12.9581
12.9581
12.9581
12.9581
12.9581
12.4242
6.5367
3.3153
1.6036
0.539
0.0278
0
0
0
0
0
0
0
0
0
0
0
0
0
0
0
0
0
0
0
0
0
0
0
0
0
0
0
0
0
0
0
0
0
0.0278
0.539
1.6036
3.3153
6.5367
12.4242
12.9581
12.9581
12.9581
12.9581
12.9581
12.9581
12.9581
12.9581
12.9581
12.9581
12.9581
12.9581
12.9581
12.9581
12.9581
12.9581
12.9581
12.9581
12.9581
12.9581
12.9581
12.9581
12.9581
12.9603
12.9603
12.9603
12.9603
12.9603
12.9603
12.9603
12.9603
12.9603
12.9603
12.9603
12.9603
12.9603
12.9603
12.9603
12.9603
12.9603
12.9603
12.9603
12.9603
12.9603
12.9603
12.9603
12.4556
6.5524
3.3057
1.5876
0.5225
0.0241
0
0
0
0
0
0
0
0
0
0
0
0
0
0
0
0
0
0
0
0
0
0
0
0
0
0
0
0
0
0
0
0
0
0.0241
0.5225
1.5876
3.3057
6.5524
12.4556
12.9603
12.9603
12.9603
12.9603
12.9603
12.9603
12.9603
12.9603
12.9603
12.9603
12.9603
12.9603
12.9603
12.9603
12.9603
12.9603
12.9603
12.9603
12.9603
12.9603
12.9603
12.9603
12.9603
12.9624
12.9624
12.9624
12.9624
12.9624
12.9624
12.9624
12.9624
12.9624
12.9624
12.9624
12.9624
12.9624
12.9624
12.9624
12.9624
12.9624
12.9624
12.9624
12.9624
12.9624
12.9624
12.9624
12.4859
6.5682
3.2962
1.5717
0.5061
0.0207
0
0
0
0
0
0
0
0
0
0
0
0
0
0
0
0
0
0
0
0
0
0
0
0
0
0
0
0
0
0
0
0
0
0.0207
0.5061
1.5717
3.2962
6.5682
12.4859
12.9624
12.9624
12.9624
12.9624
12.9624
12.9624
12.9624
12.9624
12.9624
12.9624
12.9624
12.9624
12.9624
12.9624
12.9624
12.9624
12.9624
12.9624
12.9624
12.9624
12.9624
12.9624
12.9624
12.9646
12.9646
12.9646
12.9646
12.9646
12.9646
12.9646
12.9646
12.9646
12.9646
12.9646
12.9646
12.9646
12.9646
12.9646
12.9646
12.9646
12.9646
12.9646
12.9646
12.9646
12.9646
12.9646
12.515
6.5841
3.2867
1.5559
0.49
0.0178
0
0
0
0
0
0
0
0
0
0
0
0
0
0
0
0
0
0
0
0
0
0
0
0
0
0
0
0
0
0
0
0
0
0.0178
0.49
1.5559
3.2867
6.5841
12.515
12.9646
12.9646
12.9646
12.9646
12.9646
12.9646
12.9646
12.9646
12.9646
12.9646
12.9646
12.9646
12.9646
12.9646
12.9646
12.9646
12.9646
12.9646
12.9646
12.9646
12.9646
12.9646
12.9646
12.9668
12.9668
12.9668
12.9668
12.9668
12.9668
12.9668
12.9668
12.9668
12.9668
12.9668
12.9668
12.9668
12.9668
12.9668
12.9668
12.9668
12.9668
12.9668
12.9668
12.9668
12.9668
12.9668
12.543
6.6
3.2773
1.5401
0.474
0.0152
0
0
0
0
0
0
0
0
0
0
0
0
0
0
0
0
0
0
0
0
0
0
0
0
0
0
0
0
0
0
0
0
0
0.0152
0.474
1.5401
3.2773
6.6
12.543
12.9668
12.9668
12.9668
12.9668
12.9668
12.9668
12.9668
12.9668
12.9668
12.9668
12.9668
12.9668
12.9668
12.9668
12.9668
12.9668
12.9668
12.9668
12.9668
12.9668
12.9668
12.9668
12.9668
12.969
12.969
12.969
12.969
12.969
12.969
12.969
12.969
12.969
12.969
12.969
12.969
12.969
12.969
12.969
12.969
12.969
12.969
12.969
12.969
12.969
12.969
12.969
12.5699
6.616
3.2678
1.5245
0.4582
0.0129
0
0
0
0
0
0
0
0
0
0
0
0
0
0
0
0
0
0
0
0
0
0
0
0
0
0
0
0
0
0
0
0
0
0.0129
0.4582
1.5245
3.2678
6.616
12.5699
12.969
12.969
12.969
12.969
12.969
12.969
12.969
12.969
12.969
12.969
12.969
12.969
12.969
12.969
12.969
12.969
12.969
12.969
12.969
12.969
12.969
12.969
12.969
12.9713
12.9713
12.9713
12.9713
12.9713
12.9713
12.9713
12.9713
12.9713
12.9713
12.9713
12.9713
12.9713
12.9713
12.9713
12.9713
12.9713
12.9713
12.9713
12.9713
12.9713
12.9713
12.9713
12.5957
6.632
3.2584
1.509
0.4426
0.0108
0
0
0
0
0
0
0
0
0
0
0
0
0
0
0
0
0
0
0
0
0
0
0
0
0
0
0
0
0
0
0
0
0
0.0108
0.4426
1.509
3.2584
6.632
12.5957
12.9713
12.9713
12.9713
12.9713
12.9713
12.9713
12.9713
12.9713
12.9713
12.9713
12.9713
12.9713
12.9713
12.9713
12.9713
12.9713
12.9713
12.9713
12.9713
12.9713
12.9713
12.9713
12.9713
12.9735
12.9735
12.9735
12.9735
12.9735
12.9735
12.9735
12.9735
12.9735
12.9735
12.9735
12.9735
12.9735
12.9735
12.9735
12.9735
12.9735
12.9735
12.9735
12.9735
12.9735
12.9735
12.9735
12.6204
6.6482
3.249
1.4935
0.4272
0.0091
0
0
0
0
0
0
0
0
0
0
0
0
0
0
0
0
0
0
0
0
0
0
0
0
0
0
0
0
0
0
0
0
0
0.0091
0.4272
1.4935
3.249
6.6482
12.6204
12.9735
12.9735
12.9735
12.9735
12.9735
12.9735
12.9735
12.9735
12.9735
12.9735
12.9735
12.9735
12.9735
12.9735
12.9735
12.9735
12.9735
12.9735
12.9735
12.9735
12.9735
12.9735
12.9735
12.9758
12.9758
12.9758
12.9758
12.9758
12.9758
12.9758
12.9758
12.9758
12.9758
12.9758
12.9758
12.9758
12.9758
12.9758
12.9758
12.9758
12.9758
12.9758
12.9758
12.9758
12.9758
12.9758
12.6442
6.6643
3.2396
1.4782
0.4121
0.0076
0
0
0
0
0
0
0
0
0
0
0
0
0
0
0
0
0
0
0
0
0
0
0
0
0
0
0
0
0
0
0
0
0
0.0076
0.4121
1.4782
3.2396
6.6643
12.6442
12.9758
12.9758
12.9758
12.9758
12.9758
12.9758
12.9758
12.9758
12.9758
12.9758
12.9758
12.9758
12.9758
12.9758
12.9758
12.9758
12.9758
12.9758
12.9758
12.9758
12.9758
12.9758
12.9758
12.9781
12.9781
12.9781
12.9781
12.9781
12.9781
12.9781
12.9781
12.9781
12.9781
12.9781
12.9781
12.9781
12.9781
12.9781
12.9781
12.9781
12.9781
12.9781
12.9781
12.9781
12.9781
12.9781
12.6669
6.6806
3.2303
1.4629
0.3971
0.0063
0
0
0
0
0
0
0
0
0
0
0
0
0
0
0
0
0
0
0
0
0
0
0
0
0
0
0
0
0
0
0
0
0
0.0063
0.3971
1.4629
3.2303
6.6806
12.6669
12.9781
12.9781
12.9781
12.9781
12.9781
12.9781
12.9781
12.9781
12.9781
12.9781
12.9781
12.9781
12.9781
12.9781
12.9781
12.9781
12.9781
12.9781
12.9781
12.9781
12.9781
12.9781
12.9781
12.9804
12.9804
12.9804
12.9804
12.9804
12.9804
12.9804
12.9804
12.9804
12.9804
12.9804
12.9804
12.9804
12.9804
12.9804
12.9804
12.9804
12.9804
12.9804
12.9804
12.9804
12.9804
12.9804
12.6887
6.6969
3.221
1.4478
0.3824
0.0052
0
0
0
0
0
0
0
0
0
0
0
0
0
0
0
0
0
0
0
0
0
0
0
0
0
0
0
0
0
0
0
0
0
0.0052
0.3824
1.4478
3.221
6.6969
12.6887
12.9804
12.9804
12.9804
12.9804
12.9804
12.9804
12.9804
12.9804
12.9804
12.9804
12.9804
12.9804
12.9804
12.9804
12.9804
12.9804
12.9804
12.9804
12.9804
12.9804
12.9804
12.9804
12.9804
12.9827
12.9827
12.9827
12.9827
12.9827
12.9827
12.9827
12.9827
12.9827
12.9827
12.9827
12.9827
12.9827
12.9827
12.9827
12.9827
12.9827
12.9827
12.9827
12.9827
12.9827
12.9827
12.9827
12.7096
6.7132
3.2117
1.4327
0.3679
0.0042
0
0
0
0
0
0
0
0
0
0
0
0
0
0
0
0
0
0
0
0
0
0
0
0
0
0
0
0
0
0
0
0
0
0.0042
0.3679
1.4327
3.2117
6.7132
12.7096
12.9827
12.9827
12.9827
12.9827
12.9827
12.9827
12.9827
12.9827
12.9827
12.9827
12.9827
12.9827
12.9827
12.9827
12.9827
12.9827
12.9827
12.9827
12.9827
12.9827
12.9827
12.9827
12.9827
12.985
12.985
12.985
12.985
12.985
12.985
12.985
12.985
12.985
12.985
12.985
12.985
12.985
12.985
12.985
12.985
12.985
12.985
12.985
12.985
12.985
12.985
12.985
12.7295
6.7296
3.2024
1.4177
0.3536
0.0034
0
0
0
0
0
0
0
0
0
0
0
0
0
0
0
0
0
0
0
0
0
0
0
0
0
0
0
0
0
0
0
0
0
0.0034
0.3536
1.4177
3.2024
6.7296
12.7295
12.985
12.985
12.985
12.985
12.985
12.985
12.985
12.985
12.985
12.985
12.985
12.985
12.985
12.985
12.985
12.985
12.985
12.985
12.985
12.985
12.985
12.985
12.985
12.9874
12.9874
12.9874
12.9874
12.9874
12.9874
12.9874
12.9874
12.9874
12.9874
12.9874
12.9874
12.9874
12.9874
12.9874
12.9874
12.9874
12.9874
12.9874
12.9874
12.9874
12.9874
12.9874
12.7485
6.7461
3.1931
1.4028
0.3396
0.0028
0
0
0
0
0
0
0
0
0
0
0
0
0
0
0
0
0
0
0
0
0
0
0
0
0
0
0
0
0
0
0
0
0
0.0028
0.3396
1.4028
3.1931
6.7461
12.7485
12.9874
12.9874
12.9874
12.9874
12.9874
12.9874
12.9874
12.9874
12.9874
12.9874
12.9874
12.9874
12.9874
12.9874
12.9874
12.9874
12.9874
12.9874
12.9874
12.9874
12.9874
12.9874
12.9874
12.9897
12.9897
12.9897
12.9897
12.9897
12.9897
12.9897
12.9897
12.9897
12.9897
12.9897
12.9897
12.9897
12.9897
12.9897
12.9897
12.9897
12.9897
12.9897
12.9897
12.9897
12.9897
12.9897
12.7667
6.7626
3.1839
1.388
0.3259
0.0022
0
0
0
0
0
0
0
0
0
0
0
0
0
0
0
0
0
0
0
0
0
0
0
0
0
0
0
0
0
0
0
0
0
0.0022
0.3259
1.388
3.1839
6.7626
12.7667
12.9897
12.9897
12.9897
12.9897
12.9897
12.9897
12.9897
12.9897
12.9897
12.9897
12.9897
12.9897
12.9897
12.9897
12.9897
12.9897
12.9897
12.9897
12.9897
12.9897
12.9897
12.9897
12.9897
12.9921
12.9921
12.9921
12.9921
12.9921
12.9921
12.9921
12.9921
12.9921
12.9921
12.9921
12.9921
12.9921
12.9921
12.9921
12.9921
12.9921
12.9921
12.9921
12.9921
12.9921
12.9921
12.9921
12.7841
6.7792
3.1747
1.3732
0.3123
0.0018
0
0
0
0
0
0
0
0
0
0
0
0
0
0
0
0
0
0
0
0
0
0
0
0
0
0
0
0
0
0
0
0
0
0.0018
0.3123
1.3732
3.1747
6.7792
12.7841
12.9921
12.9921
12.9921
12.9921
12.9921
12.9921
12.9921
12.9921
12.9921
12.9921
12.9921
12.9921
12.9921
12.9921
12.9921
12.9921
12.9921
12.9921
12.9921
12.9921
12.9921
12.9921
12.9921
12.9945
12.9945
12.9945
12.9945
12.9945
12.9945
12.9945
12.9945
12.9945
12.9945
12.9945
12.9945
12.9945
12.9945
12.9945
12.9945
12.9945
12.9945
12.9945
12.9945
12.9945
12.9945
12.9945
12.8006
6.7959
3.1655
1.3586
0.2991
0.0014
0
0
0
0
0
0
0
0
0
0
0
0
0
0
0
0
0
0
0
0
0
0
0
0
0
0
0
0
0
0
0
0
0
0.0014
0.2991
1.3586
3.1655
6.7959
12.8006
12.9945
12.9945
12.9945
12.9945
12.9945
12.9945
12.9945
12.9945
12.9945
12.9945
12.9945
12.9945
12.9945
12.9945
12.9945
12.9945
12.9945
12.9945
12.9945
12.9945
12.9945
12.9945
12.9945
12.9969
12.9969
12.9969
12.9969
12.9969
12.9969
12.9969
12.9969
12.9969
12.9969
12.9969
12.9969
12.9969
12.9969
12.9969
12.9969
12.9969
12.9969
12.9969
12.9969
12.9969
12.9969
12.9969
12.8164
6.8126
3.1564
1.344
0.2861
0.0011
0
0
0
0
0
0
0
0
0
0
0
0
0
0
0
0
0
0
0
0
0
0
0
0
0
0
0
0
0
0
0
0
0
0.0011
0.2861
1.344
3.1564
6.8126
12.8164
12.9969
12.9969
12.9969
12.9969
12.9969
12.9969
12.9969
12.9969
12.9969
12.9969
12.9969
12.9969
12.9969
12.9969
12.9969
12.9969
12.9969
12.9969
12.9969
12.9969
12.9969
12.9969
12.9969
12.9994
12.9994
12.9994
12.9994
12.9994
12.9994
12.9994
12.9994
12.9994
12.9994
12.9994
12.9994
12.9994
12.9994
12.9994
12.9994
12.9994
12.9994
12.9994
12.9994
12.9994
12.9994
12.9994
12.8315
6.8294
3.1473
1.3295
0.2734
0.0009
0
0
0
0
0
0
0
0
0
0
0
0
0
0
0
0
0
0
0
0
0
0
0
0
0
0
0
0
0
0
0
0
0
0.0009
0.2734
1.3295
3.1473
6.8294
12.8315
12.9994
12.9994
12.9994
12.9994
12.9994
12.9994
12.9994
12.9994
12.9994
12.9994
12.9994
12.9994
12.9994
12.9994
12.9994
12.9994
12.9994
12.9994
12.9994
12.9994
12.9994
12.9994
12.9994
13.0018
13.0018
13.0018
13.0018
13.0018
13.0018
13.0018
13.0018
13.0018
13.0018
13.0018
13.0018
13.0018
13.0018
13.0018
13.0018
13.0018
13.0018
13.0018
13.0018
13.0018
13.0018
13.0018
12.8459
6.8463
3.1381
1.3151
0.2609
0.0007
0
0
0
0
0
0
0
0
0
0
0
0
0
0
0
0
0
0
0
0
0
0
0
0
0
0
0
0
0
0
0
0
0
0.0007
0.2609
1.3151
3.1381
6.8463
12.8459
13.0018
13.0018
13.0018
13.0018
13.0018
13.0018
13.0018
13.0018
13.0018
13.0018
13.0018
13.0018
13.0018
13.0018
13.0018
13.0018
13.0018
13.0018
13.0018
13.0018
13.0018
13.0018
13.0018
13.0043
13.0043
13.0043
13.0043
13.0043
13.0043
13.0043
13.0043
13.0043
13.0043
13.0043
13.0043
13.0043
13.0043
13.0043
13.0043
13.0043
13.0043
13.0043
13.0043
13.0043
13.0043
13.0043
12.8595
6.8632
3.1291
1.3008
0.2488
0.0005
0
0
0
0
0
0
0
0
0
0
0
0
0
0
0
0
0
0
0
0
0
0
0
0
0
0
0
0
0
0
0
0
0
0.0005
0.2488
1.3008
3.1291
6.8632
12.8595
13.0043
13.0043
13.0043
13.0043
13.0043
13.0043
13.0043
13.0043
13.0043
13.0043
13.0043
13.0043
13.0043
13.0043
13.0043
13.0043
13.0043
13.0043
13.0043
13.0043
13.0043
13.0043
13.0043
13.0068
13.0068
13.0068
13.0068
13.0068
13.0068
13.0068
13.0068
13.0068
13.0068
13.0068
13.0068
13.0068
13.0068
13.0068
13.0068
13.0068
13.0068
13.0068
13.0068
13.0068
13.0068
13.0068
12.8726
6.8801
3.12
1.2866
0.2369
0.0004
0
0
0
0
0
0
0
0
0
0
0
0
0
0
0
0
0
0
0
0
0
0
0
0
0
0
0
0
0
0
0
0
0
0.0004
0.2369
1.2866
3.12
6.8801
12.8726
13.0068
13.0068
13.0068
13.0068
13.0068
13.0068
13.0068
13.0068
13.0068
13.0068
13.0068
13.0068
13.0068
13.0068
13.0068
13.0068
13.0068
13.0068
13.0068
13.0068
13.0068
13.0068
13.0068
13.0093
13.0093
13.0093
13.0093
13.0093
13.0093
13.0093
13.0093
13.0093
13.0093
13.0093
13.0093
13.0093
13.0093
13.0093
13.0093
13.0093
13.0093
13.0093
13.0093
13.0093
13.0093
13.0093
12.885
6.8972
3.111
1.2724
0.2253
0.0003
0
0
0
0
0
0
0
0
0
0
0
0
0
0
0
0
0
0
0
0
0
0
0
0
0
0
0
0
0
0
0
0
0
0.0003
0.2253
1.2724
3.111
6.8972
12.885
13.0093
13.0093
13.0093
13.0093
13.0093
13.0093
13.0093
13.0093
13.0093
13.0093
13.0093
13.0093
13.0093
13.0093
13.0093
13.0093
13.0093
13.0093
13.0093
13.0093
13.0093
13.0093
13.0093
13.0118
13.0118
13.0118
13.0118
13.0118
13.0118
13.0118
13.0118
13.0118
13.0118
13.0118
13.0118
13.0118
13.0118
13.0118
13.0118
13.0118
13.0118
13.0118
13.0118
13.0118
13.0118
13.0118
12.8968
6.9143
3.1019
1.2583
0.2141
0.0002
0
0
0
0
0
0
0
0
0
0
0
0
0
0
0
0
0
0
0
0
0
0
0
0
0
0
0
0
0
0
0
0
0
0.0002
0.2141
1.2583
3.1019
6.9143
12.8968
13.0118
13.0118
13.0118
13.0118
13.0118
13.0118
13.0118
13.0118
13.0118
13.0118
13.0118
13.0118
13.0118
13.0118
13.0118
13.0118
13.0118
13.0118
13.0118
13.0118
13.0118
13.0118
13.0118
13.0143
13.0143
13.0143
13.0143
13.0143
13.0143
13.0143
13.0143
13.0143
13.0143
13.0143
13.0143
13.0143
13.0143
13.0143
13.0143
13.0143
13.0143
13.0143
13.0143
13.0143
13.0143
13.0143
12.908
6.9314
3.0929
1.2443
0.2031
0.0002
0
0
0
0
0
0
0
0
0
0
0
0
0
0
0
0
0
0
0
0
0
0
0
0
0
0
0
0
0
0
0
0
0
0.0002
0.2031
1.2443
3.0929
6.9314
12.908
13.0143
13.0143
13.0143
13.0143
13.0143
13.0143
13.0143
13.0143
13.0143
13.0143
13.0143
13.0143
13.0143
13.0143
13.0143
13.0143
13.0143
13.0143
13.0143
13.0143
13.0143
13.0143
13.0143
13.0169
13.0169
13.0169
13.0169
13.0169
13.0169
13.0169
13.0169
13.0169
13.0169
13.0169
13.0169
13.0169
13.0169
13.0169
13.0169
13.0169
13.0169
13.0169
13.0169
13.0169
13.0169
13.0169
12.9187
6.9487
3.084
1.2304
0.1924
0.0001
0
0
0
0
0
0
0
0
0
0
0
0
0
0
0
0
0
0
0
0
0
0
0
0
0
0
0
0
0
0
0
0
0
0.0001
0.1924
1.2304
3.084
6.9487
12.9187
13.0169
13.0169
13.0169
13.0169
13.0169
13.0169
13.0169
13.0169
13.0169
13.0169
13.0169
13.0169
13.0169
13.0169
13.0169
13.0169
13.0169
13.0169
13.0169
13.0169
13.0169
13.0169
13.0169
13.0194
13.0194
13.0194
13.0194
13.0194
13.0194
13.0194
13.0194
13.0194
13.0194
13.0194
13.0194
13.0194
13.0194
13.0194
13.0194
13.0194
13.0194
13.0194
13.0194
13.0194
13.0194
13.0194
12.9289
6.9659
3.075
1.2166
0.1821
0.0001
0
0
0
0
0
0
0
0
0
0
0
0
0
0
0
0
0
0
0
0
0
0
0
0
0
0
0
0
0
0
0
0
0
0.0001
0.1821
1.2166
3.075
6.9659
12.9289
13.0194
13.0194
13.0194
13.0194
13.0194
13.0194
13.0194
13.0194
13.0194
13.0194
13.0194
13.0194
13.0194
13.0194
13.0194
13.0194
13.0194
13.0194
13.0194
13.0194
13.0194
13.0194
13.0194
13.022
13.022
13.022
13.022
13.022
13.022
13.022
13.022
13.022
13.022
13.022
13.022
13.022
13.022
13.022
13.022
13.022
13.022
13.022
13.022
13.022
13.022
13.022
12.9387
6.9833
3.0661
1.2028
0.1721
0.0001
0
0
0
0
0
0
0
0
0
0
0
0
0
0
0
0
0
0
0
0
0
0
0
0
0
0
0
0
0
0
0
0
0
0.0001
0.1721
1.2028
3.0661
6.9833
12.9387
13.022
13.022
13.022
13.022
13.022
13.022
13.022
13.022
13.022
13.022
13.022
13.022
13.022
13.022
13.022
13.022
13.022
13.022
13.022
13.022
13.022
13.022
13.022
13.0246
13.0246
13.0246
13.0246
13.0246
13.0246
13.0246
13.0246
13.0246
13.0246
13.0246
13.0246
13.0246
13.0246
13.0246
13.0246
13.0246
13.0246
13.0246
13.0246
13.0246
13.0246
13.0246
12.9479
7.0007
3.0572
1.1891
0.1624
0
0
0
0
0
0
0
0
0
0
0
0
0
0
0
0
0
0
0
0
0
0
0
0
0
0
0
0
0
0
0
0
0
0
0
0.1624
1.1891
3.0572
7.0007
12.9479
13.0246
13.0246
13.0246
13.0246
13.0246
13.0246
13.0246
13.0246
13.0246
13.0246
13.0246
13.0246
13.0246
13.0246
13.0246
13.0246
13.0246
13.0246
13.0246
13.0246
13.0246
13.0246
13.0246
13.0245
13.0248
13.0256
13.0264
13.0269
13.0272
13.0272
13.0272
13.0272
13.0272
13.0272
13.0272
13.0272
13.0272
13.0272
13.0272
13.0272
13.0272
13.0272
13.0272
13.0272
13.0272
13.0272
12.9567
7.0182
3.0483
1.1754
0.153
0
0
0
0
0
0
0
0
0
0
0
0
0
0
0
0
0
0
0
0
0
0
0
0
0
0
0
0
0
0
0
0
0
0
0
0.153
1.1754
3.0483
7.0182
12.9567
13.0272
13.0272
13.0272
13.0272
13.0272
13.0272
13.0272
13.0272
13.0272
13.0272
13.0272
13.0272
13.0272
13.0272
13.0272
13.0272
13.0272
13.0272
13.0269
13.0264
13.0256
13.0248
13.0245
12.8685
12.8803
12.9116
12.9517
12.9881
13.0129
13.025
13.029
13.0298
13.0299
13.0299
13.0299
13.0299
13.0299
13.0299
13.0299
13.0299
13.0299
13.0299
13.0299
13.0299
13.0299
13.0299
12.9651
7.0357
3.0394
1.1619
0.144
0
0
0
0
0
0
0
0
0
0
0
0
0
0
0
0
0
0
0
0
0
0
0
0
0
0
0
0
0
0
0
0
0
0
0
0.144
1.1619
3.0394
7.0357
12.9651
13.0299
13.0299
13.0299
13.0299
13.0299
13.0299
13.0299
13.0299
13.0299
13.0299
13.0299
13.0299
13.0299
13.0299
13.0298
13.029
13.025
13.0129
12.9881
12.9517
12.9116
12.8803
12.8685
11.4709
11.5309
11.7038
11.9659
12.2754
12.5755
12.8107
12.9524
13.0132
13.0298
13.0324
13.0325
13.0325
13.0325
13.0325
13.0325
13.0325
13.0325
13.0325
13.0325
13.0325
13.0325
13.0325
12.9731
7.0533
3.0306
1.1484
0.1352
0
0
0
0
0
0
0
0
0
0
0
0
0
0
0
0
0
0
0
0
0
0
0
0
0
0
0
0
0
0
0
0
0
0
0
0.1352
1.1484
3.0306
7.0533
12.9731
13.0325
13.0325
13.0325
13.0325
13.0325
13.0325
13.0325
13.0325
13.0325
13.0325
13.0325
13.0325
13.0324
13.0298
13.0132
12.9524
12.8107
12.5755
12.2754
11.9659
11.7038
11.5309
11.4709
8.5345
8.6088
8.8341
9.216
9.7568
10.4415
11.2155
11.9664
12.5506
12.883
13.0066
13.0326
13.0351
13.0352
13.0352
13.0352
13.0352
13.0352
13.0352
13.0352
13.0352
13.0352
13.0352
12.9808
7.071
3.0217
1.135
0.1268
0
0
0
0
0
0
0
0
0
0
0
0
0
0
0
0
0
0
0
0
0
0
0
0
0
0
0
0
0
0
0
0
0
0
0
0.1268
1.135
3.0217
7.071
12.9808
13.0352
13.0352
13.0352
13.0352
13.0352
13.0352
13.0352
13.0352
13.0352
13.0352
13.0351
13.0326
13.0066
12.883
12.5506
11.9664
11.2155
10.4415
9.7568
9.216
8.8341
8.6088
8.5345
6.0573
6.107
6.2597
6.5267
6.9281
7.4929
8.2547
9.2337
10.389
11.5514
12.4413
12.8914
13.02
13.0371
13.0379
13.0379
13.0379
13.0379
13.0379
13.0379
13.0379
13.0379
13.0379
12.9881
7.0887
3.0129
1.1217
0.1188
0
0
0
0
0
0
0
0
0
0
0
0
0
0
0
0
0
0
0
0
0
0
0
0
0
0
0
0
0
0
0
0
0
0
0
0.1188
1.1217
3.0129
7.0887
12.9881
13.0379
13.0379
13.0379
13.0379
13.0379
13.0379
13.0379
13.0379
13.0379
13.0371
13.02
12.8914
12.4413
11.5514
10.389
9.2337
8.2547
7.4929
6.9281
6.5267
6.2597
6.107
6.0573
