0
24.13
0.0
2
180
40
1.0 10.67124 10.67124 10.67124 10.67124
2.0 10.67124 10.67124 10.67124 10.67124
3.0 10.67124 10.67124 10.67124 10.67124
10.67124 10.67124 10.67124 10.67124 10.67124
10.67124 10.67124 10.67124 10.67124 10.67124
10.67124 10.67124 10.67124 10.67124 10.67124
10.67124 10.67124 10.67124 10.67124 10.67124
1.0 10.67124 10.67124 10.67124 10.67124
1.0 10.67124 10.67124 10.67124 10.67124
3.0 10.67124 10.67124 10.67124 10.67124
4.0 10.67124 10.67124 10.67124 10.67124
10.67124 10.67124 10.67124 10.67124 10.67124
10.67124 10.67124 10.67124 10.67124 10.67124
10.67124 10.67124 10.67124 10.67124 10.67124
10.67124 10.67124 10.67124 10.67124 10.67124
10.67124 10.67124 10.67124 10.67124 10.67124
10.67124 10.67124 10.67124 10.67124 10.67124
10.67124 10.67124 10.670645 10.670645 10.67073
10.67073 10.67073 10.67073 10.670645 10.670645
10.670645 10.67056 10.67056 10.67056 10.67056
10.67056 10.67056 10.670645 10.67073 10.670815
10.670985 10.671155 10.671325 10.671495 10.671665
10.671835 10.672005 10.672175 10.672345 10.67243
10.67243 10.672515 10.672515 10.67243 10.672345
10.67226 10.672175 10.672005 10.67192 10.67175
10.671665 10.67124 10.67124 10.67124 10.67124
10.67124 10.67124 10.67124 10.67124 10.67124
10.67124 10.67124 10.67124 10.67124 10.67124
10.67124 10.67124 10.67124 10.67124 10.67124
10.67124 10.67124 10.67124 10.67124 10.67124
10.67124 10.67124 10.67124 10.67124 10.67124
10.67124 10.67124 10.67124 10.67124 10.67124
10.67124 10.67124 10.67124 10.67124 10.67124
10.67124 10.67124 10.67124 10.67124 10.67124
10.67124 10.67124 10.67124 10.67124 10.67124
10.67124 10.67124 10.67124 10.67124 10.67124
10.645485 10.645825 10.646845 10.648375 10.649565
10.65016 10.65135 10.65288 10.6539 10.65424
10.65526 10.656535 10.65713 10.657215 10.657895
10.658745 10.65883 10.658575 10.65883 10.65934
10.658915 10.658065 10.65781 10.65764 10.65679
10.655855 10.65543 10.65492 10.653645 10.6522
10.65135 10.6505 10.649055 10.64761 10.64676
10.645825 10.644465 10.643105 10.64234 10.641745
10.640555 10.639365 10.638685 10.63826 10.637665
10.636985 10.63673 10.63673 10.63656 10.636305
10.636475 10.6369 10.63707 10.63724 10.638005
10.639195 10.639875 10.6403 10.64132 10.64285
10.643785 10.644125 10.645145 10.646675 10.647865
10.648545 10.64965 10.651265 10.652285 10.65271
10.65373 10.655005 10.6556 10.65577 10.65645
10.657385 10.65747 10.657215 10.657555 10.658065
10.65764 10.656875 10.65662 10.65662 10.65577
10.654835 10.654495 10.653475 10.6522 10.65084
10.650075 10.649225 10.647865 10.64642 10.645655
10.644805 10.64336 10.642085 10.641405 10.64081
10.63979 10.638685 10.63809 10.637835 10.637325
10.6369 10.6369 10.637155 10.637155 10.63724
10.637665 10.638345 10.63877 10.63911 10.63996
10.64132 10.642085 10.64251 10.64353 10.64506
10.64591 10.64625 10.647185 10.64863 10.649735
10.65033 10.65101 10.652625 10.653645 10.654155
10.655175 10.656535 10.65713 10.6573 10.658065
10.659 10.659085 10.658915 10.659255 10.65968
10.65934 10.658575 10.658405 10.65832 10.65747
10.65662 10.656195 10.65577 10.654495 10.653135
10.652285 10.65152 10.650075 10.648715 10.647865
10.647015 10.645655 10.64438 10.643615 10.64302
10.642 10.64081 10.64013 10.63979 10.639195
10.638515 10.638345 10.638345 10.63809 10.63792
10.63809 10.638515 10.63877 10.638855 10.63962
10.64081 10.641575 10.642 10.64302 10.64455
10.5655 10.57298 10.58097 10.58913 10.59678
10.604515 10.612505 10.62041 10.62755 10.63435
10.64115 10.647525 10.652965 10.65747 10.661465
10.66444 10.666395 10.66784 10.66886 10.66869
10.66716 10.665035 10.6624 10.659 10.654495
10.64931 10.643615 10.636985 10.629845 10.62262
10.615395 10.60783 10.599925 10.59202 10.583945
10.5757 10.56771 10.560315 10.553685 10.54714
10.54068 10.5349 10.530055 10.52589 10.52232
10.51926 10.51705 10.515435 10.514585 10.51467
10.51603 10.51807 10.520365 10.523425 10.527675
10.53252 10.537535 10.54306 10.54952 10.55666
10.563885 10.57128 10.57927 10.587345 10.594995
10.60256 10.610635 10.618455 10.62551 10.632225
10.639025 10.6454 10.650755 10.655345 10.659255
10.66223 10.664185 10.665545 10.666565 10.666395
10.66495 10.662825 10.660275 10.65679 10.65237
10.647185 10.641575 10.63435 10.62721 10.620155
10.613015 10.605535 10.597715 10.58981 10.581905
10.573745 10.565755 10.558445 10.5519 10.545525
10.53915 10.53354 10.52895 10.525125 10.521725
10.519005 10.517135 10.51586 10.51535 10.51586
10.51756 10.51994 10.522575 10.525975 10.530565
10.53558 10.540765 10.546375 10.553005 10.560145
10.56737 10.574765 10.582755 10.590745 10.598395
10.60596 10.61361 10.621515 10.628655 10.635455
10.64234 10.648715 10.654155 10.658745 10.66274
10.665715 10.66767 10.669115 10.670135 10.669965
10.668435 10.666225 10.663675 10.66019 10.655685
10.6505 10.64472 10.63809 10.63095 10.623725
10.6165 10.608935 10.60103 10.59304 10.584965
10.57672 10.568645 10.561335 10.55462 10.548075
10.541615 10.53592 10.531075 10.52691 10.52334
10.52028 10.51807 10.51654 10.51569 10.51586
10.51722 10.51926 10.52164 10.5247 10.529035
10.53388 10.53898 10.544505 10.55105 10.558275
10.45347 10.47455 10.496735 10.519515 10.54221
10.564905 10.58811 10.61123 10.63333 10.6539
10.673535 10.69215 10.708895 10.723345 10.735755
10.745785 10.75284 10.75709 10.7593 10.759045
10.755645 10.7491 10.740345 10.729295 10.71578
10.70014 10.68297 10.6641 10.64336 10.6216
10.599925 10.577825 10.554705 10.531245 10.50855
10.48679 10.465455 10.4448 10.425505 10.407315
10.390315 10.3751 10.362095 10.35079 10.34059
10.33243 10.326905 10.323335 10.321295 10.321465
10.32427 10.329285 10.33566 10.34382 10.35453
10.36745 10.38173 10.397285 10.41471 10.433665
10.453725 10.47455 10.49665 10.519345 10.54187
10.564395 10.587515 10.61055 10.632395 10.65288
10.672345 10.690875 10.707535 10.7219 10.73414
10.74417 10.751055 10.755305 10.757345 10.757005
10.75352 10.746975 10.738135 10.727085 10.71357
10.697845 10.680675 10.66104 10.6403 10.61854
10.59695 10.57485 10.551815 10.528355 10.505745
10.483985 10.46265 10.441995 10.4227 10.404595
10.38768 10.372635 10.359885 10.348665 10.338805
10.3309 10.32563 10.3224 10.320785 10.321295
10.324525 10.329795 10.33651 10.34501 10.355975
10.369065 10.38343 10.399155 10.41658 10.43562
10.45568 10.476505 10.498435 10.52113 10.54357
10.566095 10.588705 10.611825 10.63384 10.654325
10.673875 10.692405 10.709065 10.72343 10.73584
10.745785 10.752755 10.75692 10.75896 10.75862
10.755135 10.748505 10.73958 10.72853 10.71493
10.69912 10.68195 10.662995 10.64217 10.62024
10.598565 10.57638 10.553175 10.52963 10.50702
10.485175 10.46384 10.4431 10.42372 10.40553
10.38853 10.373315 10.360395 10.349005 10.33889
10.330815 10.32529 10.32172 10.31985 10.32002
10.32291 10.32801 10.33447 10.342715 10.353595
10.366515 10.38088 10.396605 10.414115 10.43324
10.31475 10.353425 10.39482 10.43817 10.482285
10.527165 10.57315 10.61888 10.663335 10.70626
10.74757 10.78616 10.820755 10.85144 10.8783
10.900315 10.916125 10.92607 10.93066 10.929385
10.92165 10.907965 10.88935 10.86589 10.83716
10.80401 10.76797 10.729295 10.687815 10.644295
10.600095 10.555725 10.51093 10.466305 10.423295
10.382325 10.342715 10.304805 10.26936 10.236805
10.206715 10.17926 10.15546 10.1354 10.11823
10.104035 10.09375 10.087375 10.08423 10.084315
10.08814 10.09596 10.106925 10.12112 10.13931
10.16124 10.186145 10.21411 10.245475 10.27973
10.316025 10.354445 10.39567 10.438765 10.482625
10.527335 10.573065 10.618625 10.66291 10.70558
10.74672 10.78514 10.819565 10.85008 10.87677
10.898615 10.914255 10.924115 10.92862 10.92726
10.919355 10.905585 10.88697 10.863425 10.834695
10.801545 10.76542 10.72598 10.6845 10.641065
10.596865 10.552495 10.5077 10.46316 10.42015
10.379265 10.33974 10.30183 10.26647 10.234
10.20391 10.176625 10.152995 10.13319 10.116275
10.10242 10.09239 10.08644 10.083635 10.08406
10.088395 10.096555 10.107775 10.12231 10.14084
10.16294 10.188015 10.21598 10.24743 10.28177
10.31798 10.3564 10.39754 10.44055 10.484325
10.52895 10.57417 10.6199 10.664185 10.70694
10.748165 10.786585 10.82101 10.851525 10.8783
10.90006 10.9157 10.92556 10.92998 10.92862
10.92063 10.906775 10.888075 10.864445 10.835545
10.80231 10.766015 10.72717 10.68552 10.641915
10.59763 10.55309 10.508125 10.463415 10.42032
10.37918 10.33957 10.301575 10.26613 10.23349
10.203315 10.175775 10.151975 10.132 10.11483
10.10072 10.090435 10.084145 10.081085 10.08117
10.085165 10.09307 10.10412 10.118485 10.136845
10.15903 10.18402 10.212155 10.243775 10.2782
10.154015 10.212325 10.275225 10.341865 10.411225
10.48271 10.556235 10.630865 10.70507 10.777745
10.848295 10.915105 10.97639 11.031385 11.07941
11.118935 11.148345 11.167555 11.176565 11.174865
11.162285 11.139335 11.10712 11.065725 11.016085
10.9599 10.898615 10.83274 10.76338 10.692065
10.620155 10.548075 10.476675 10.4074 10.34093
10.276755 10.21547 10.158265 10.105735 10.057285
10.01266 9.97271 9.938115 9.90811 9.88244
9.861785 9.84657 9.8362 9.83042 9.82957
9.83433 9.84419 9.85864 9.87802 9.90301
9.93327 9.968375 10.008155 10.053205 10.103185
10.157415 10.21581 10.278625 10.34535 10.41454
10.48594 10.55938 10.63384 10.707875 10.780295
10.850675 10.917145 10.978175 11.032745 11.080345
11.119445 11.14843 11.16713 11.175715 11.17359
11.1605 11.13721 11.1044 11.062665 11.0126
10.956075 10.89445 10.82747 10.757855 10.686455
10.61446 10.542295 10.47081 10.40162 10.335235
10.271145 10.21003 10.15308 10.100805 10.05261
10.00841 9.96897 9.9348 9.905305 9.88023
9.86017 9.84555 9.83586 9.83059 9.83042
9.83569 9.84606 9.860935 9.880655 9.905815
9.936245 9.97135 10.01113 10.056095 10.10582
10.159795 10.21785 10.28024 10.34654 10.41539
10.48645 10.55904 10.633415 10.707195 10.77953
10.849655 10.91604 10.976985 11.03147 11.07907
11.11817 11.14724 11.166025 11.174695 11.172655
11.15965 11.136445 11.103805 11.062155 11.01226
10.95582 10.894365 10.82832 10.75879 10.68739
10.615395 10.54323 10.471745 10.402555 10.336085
10.271995 10.21071 10.153675 10.10123 10.052865
10.008325 9.96863 9.934035 9.9042 9.878615
9.85813 9.843 9.832715 9.826935 9.82617
9.83093 9.84079 9.85524 9.87462 9.89961
9.92987 9.96489 10.00467 10.049635 10.099615
9.96149 10.0385 10.122395 10.212495 10.30795
10.40825 10.513225 10.621175 10.729975 10.838605
10.945875 11.048895 11.144605 11.23156 11.308655
11.373085 11.42196 11.454855 11.47177 11.4716
11.453325 11.418645 11.3696 11.3067 11.23088
11.145115 11.052465 10.95395 10.850845 10.745955
10.641745 10.53898 10.438 10.340505 10.248025
10.16056 10.07794 10.001185 9.93089 9.8668
9.808405 9.756385 9.710995 9.671725 9.638235
9.610865 9.590125 9.575675 9.56692 9.564285
9.568025 9.578225 9.59463 9.617325 9.64682
9.6832 9.725955 9.775425 9.831865 9.895445
9.965655 10.04258 10.12639 10.21649 10.31186
10.412245 10.517135 10.625 10.73363 10.842175
10.949275 11.05204 11.14741 11.234025 11.310695
11.374615 11.42298 11.45528 11.471685 11.470835
11.45188 11.416605 11.36688 11.30347 11.227055
11.140865 11.04779 10.948085 10.84481 10.739835
10.635625 10.53286 10.43205 10.33481 10.2425
10.15529 10.073095 9.99668 9.926725 9.862975
9.805005 9.75341 9.708445 9.669685 9.636705
9.609845 9.589615 9.57559 9.567515 9.56539
9.56964 9.58035 9.59718 9.6203 9.650135
9.686685 9.729695 9.779165 9.835605 9.8991
9.969055 10.045725 10.129195 10.218955 10.3139
10.413775 10.517645 10.62517 10.733545 10.84175
10.94851 11.05102 11.14622 11.23258 11.309165
11.373 11.42145 11.453835 11.470325 11.469645
11.45103 11.415925 11.36654 11.3033 11.22714
11.141205 11.0483 10.949615 10.84634 10.741195
10.6369 10.53405 10.432985 10.33549 10.242925
10.15546 10.07284 9.996085 9.92579 9.8617
9.80339 9.751285 9.70598 9.666795 9.633305
9.60602 9.58528 9.57083 9.562245 9.55961
9.563435 9.573635 9.590125 9.61282 9.6424
9.67878 9.72162 9.771005 9.82753 9.89111
9.751285 9.84351 9.94568 10.057455 10.1779
10.306335 10.442845 10.585815 10.73278 10.88187
11.030875 11.17665 11.31503 11.442615 11.5566
11.65333 11.728895 11.78151 11.810495 11.81466
11.7929 11.74632 11.677895 11.59026 11.4852
11.36569 11.23598 11.09981 10.959305 10.8171
10.676425 10.539575 10.407485 10.28126 10.162005
10.0504 9.94636 9.85065 9.763525 9.684305
9.61248 9.54839 9.492715 9.444775 9.403635
9.369465 9.34303 9.32382 9.311155 9.30529
9.307245 9.316595 9.332915 9.356375 9.38808
9.4282 9.47597 9.531985 9.59735 9.671895
9.755025 9.84725 9.949505 10.061365 10.18181
10.31033 10.446755 10.58981 10.73669 10.88561
11.034445 11.179965 11.318005 11.445165 11.55864
11.654775 11.729745 11.781595 11.809815 11.813215
11.79069 11.74326 11.674155 11.58584 11.480185
11.36008 11.23003 11.0925 10.951825 10.809535
10.668945 10.532265 10.40043 10.27446 10.15563
10.044365 9.940835 9.84555 9.758935 9.680225
9.60891 9.54533 9.49025 9.442905 9.402275
9.3687 9.34286 9.324245 9.312175 9.30699
9.309455 9.319315 9.33606 9.359945 9.39199
9.43228 9.48022 9.53632 9.6016 9.67589
9.758765 9.85065 9.952395 10.06383 10.183765
10.311775 10.447095 10.589725 10.73635 10.884845
11.033425 11.17869 11.316475 11.44355 11.55694
11.653075 11.72813 11.780235 11.80871 11.81245
11.79018 11.74309 11.67441 11.58635 11.481035
11.361185 11.231305 11.09488 10.954205 10.81183
10.67107 10.534135 10.402045 10.275735 10.15648
10.04479 9.940835 9.84504 9.757915 9.67878
9.606955 9.542865 9.487275 9.43942 9.398365
9.364195 9.337845 9.318805 9.306225 9.30053
9.30257 9.31209 9.328495 9.35204 9.383915
9.42412 9.471975 9.528075 9.59344 9.6679
9.535045 9.639765 9.75732 9.887795 10.030595
10.185465 10.35249 10.53048 10.716545 10.908305
11.10304 11.29667 11.48333 11.658175 11.81687
11.953805 12.063455 12.14259 12.189765 12.203195
12.18135 12.125505 12.039315 11.92618 11.789245
11.633185 11.464035 11.286385 11.10406 10.92114
10.74179 10.568135 10.401535 10.2442 10.09766
9.961575 9.835435 9.71992 9.61537 9.52085
9.435595 9.36003 9.294325 9.23729 9.18799
9.146765 9.114295 9.089815 9.07273 9.06338
9.062445 9.06967 9.08446 9.107495 9.13971
9.18136 9.231935 9.292285 9.3636 9.44605
9.53938 9.644185 9.761825 9.8923 10.035185
10.190055 10.357165 10.535155 10.72122 10.91281
11.107375 11.30075 11.48707 11.66149 11.81959
11.95593 12.064815 12.143185 12.189595 12.202175
12.17948 12.122785 12.03583 11.922015 11.784315
11.62783 11.45817 11.279075 11.09658 10.913745
10.734395 10.56091 10.39465 10.237655 10.09154
9.955965 9.830335 9.715245 9.61129 9.517365
9.432705 9.357735 9.292625 9.23627 9.187565
9.146935 9.11506 9.091345 9.074855 9.0661
9.06576 9.073495 9.08871 9.112085 9.14464
9.18646 9.23712 9.297385 9.36853 9.450725
9.543715 9.648095 9.765225 9.89519 10.03748
10.191755 10.357675 10.535325 10.72105 10.9123
11.106695 11.29973 11.48588 11.660215 11.818315
11.95474 12.063795 12.142335 12.189085 12.20192
12.179565 12.12321 12.036595 11.923035 11.785675
11.62936 11.45987 11.28205 11.09947 10.916465
10.736945 10.563205 10.39652 10.239185 10.092645
9.95656 9.83042 9.71482 9.61027 9.515835
9.430495 9.354845 9.28914 9.232105 9.182805
9.14158 9.109025 9.08463 9.067545 9.05828
9.05743 9.064655 9.07953 9.102565 9.13495
9.176685 9.227345 9.287695 9.35901 9.44146
9.31158 9.42548 9.555275 9.700965 9.862465
10.040455 10.23536 10.445735 10.669455 10.90431
11.14707 11.391785 11.63123 11.85903 12.068215
12.25105 12.400735 12.512935 12.584505 12.612555
12.59615 12.536735 12.437455 12.30154 12.13375
11.94097 11.730595 11.50883 11.281625 11.0551
10.834015 10.621005 10.41828 10.22788 10.05142
9.88907 9.740235 9.604915 9.483025 9.373375
9.27503 9.18799 9.11183 9.045615 8.988495
8.940725 8.90239 8.87264 8.850625 8.837025
8.83252 8.8366 8.848755 8.870005 8.9012
8.942425 8.99351 9.055475 9.129765 9.216635
9.316255 9.43024 9.56012 9.705895 9.867395
10.045385 10.240375 10.45075 10.674385 10.90907
11.15166 11.396035 11.63514 11.862515 12.071105
12.25326 12.40218 12.513615 12.584335 12.611535
12.594195 12.53393 12.433715 12.297035 12.12848
11.93519 11.724305 11.50101 11.27372 11.04711
10.82611 10.613355 10.41097 10.220995 10.04513
9.88329 9.735135 9.600495 9.479285 9.370315
9.27265 9.18629 9.11081 9.045275 8.988835
8.94166 8.904005 8.87485 8.853515 8.84051
8.8366 8.84119 8.853855 8.87536 8.906895
8.94829 8.999375 9.061255 9.135375 9.22199
9.32127 9.434745 9.56403 9.70921 9.870115
10.04734 10.24097 10.45092 10.67413 10.90839
11.15064 11.39476 11.633695 11.8609 12.06949
12.251815 12.40099 12.51268 12.583825 12.61145
12.59462 12.534865 12.435075 12.29882 12.13069
11.93757 11.726855 11.504665 11.277205 11.05034
10.829 10.61582 10.412925 10.222355 10.04581
9.883375 9.734455 9.599135 9.477245 9.36768
9.26942 9.18238 9.10639 9.04026 8.98331
8.93554 8.89729 8.867625 8.84578 8.83218
8.82776 8.83184 8.84408 8.865245 8.896525
8.93775 8.98875 9.05063 9.12492 9.211705
9.07919 9.198615 9.336485 9.49348 9.669515
9.866545 10.086015 10.32665 10.585815 10.86181
11.15166 11.448225 11.742155 12.02512 12.28845
12.5222 12.71685 12.86696 12.968705 13.01843
13.01401 12.956975 12.85098 12.699255 12.50622
12.280035 12.03039 11.765445 11.491915 11.21796
10.951145 10.69623 10.454575 10.228815 10.021415
9.832035 9.65906 9.502235 9.361985 9.23695
9.124835 9.025045 8.93826 8.86329 8.798095
8.74259 8.69754 8.66201 8.634555 8.61577
8.60693 8.60744 8.61611 8.634045 8.663115
8.703065 8.753045 8.814585 8.890065 8.979825
9.083525 9.20312 9.34116 9.498325 9.67453
9.871645 10.0912 10.33192 10.591085 10.86691
11.15659 11.4529 11.746405 12.028775 12.29151
12.524495 12.71838 12.867555 12.96828 13.017155
13.011715 12.953745 12.846815 12.694325 12.500525
12.27366 12.02359 11.75703 11.48333 11.209375
10.94273 10.68807 10.44684 10.22159 10.0147
9.825915 9.65362 9.497475 9.357905 9.233635
9.1222 9.023175 8.937155 8.86295 8.79852
8.743695 8.699325 8.66456 8.63787 8.619765
8.611435 8.612455 8.62155 8.63991 8.66915
8.70927 8.759165 8.820535 8.89576 8.98518
9.08837 9.20737 9.344815 9.5013 9.676825
9.873345 10.09154 10.331835 10.59066 10.866315
11.15574 11.451965 11.74547 12.027925 12.29083
12.524155 12.718465 12.86798 12.9693 13.018685
13.01384 12.95638 12.84996 12.697895 12.504435
12.277825 12.027925 11.76264 11.48877 11.21456
10.947575 10.69232 10.450495 10.224565 10.016995
9.827445 9.654385 9.497475 9.35714 9.23202
9.119905 9.020115 8.93333 8.85836 8.79325
8.737745 8.692695 8.65725 8.629965 8.611265
8.60251 8.603105 8.61186 8.62988 8.65895
8.6989 8.748795 8.81025 8.885645 8.97532
8.84748 8.969965 9.11251 9.2769 9.464325
9.676485 9.91525 10.18096 10.472425 10.787435
11.12225 11.46939 11.81908 12.15993 12.48004
12.76683 13.00908 13.19948 13.333865 13.40943
13.42405 13.378235 13.27462 13.11635 12.90776
12.65633 12.372005 12.064985 11.745045 11.422725
11.107715 10.80673 10.52317 10.2595 10.01776
9.79812 9.599135 9.419785 9.259475 9.117015
8.990195 8.87808 8.780415 8.695755 8.622315
8.559245 8.506885 8.46498 8.432255 8.408455
8.394515 8.390605 8.3963 8.4116 8.43744
8.47433 8.522355 8.582705 8.65708 8.746415
8.85139 8.97396 9.116675 9.28132 9.468915
9.681245 9.92018 10.18606 10.47761 10.79262
11.127265 11.474235 11.823585 12.163925 12.483525
12.769635 13.011035 13.2005 13.334035 13.40858
13.42218 13.375345 13.27071 13.11159 12.902235
12.650125 12.365205 12.056485 11.736375 11.414055
11.099215 10.798485 10.51535 10.252105 10.010875
9.79183 9.59344 9.414685 9.25514 9.113275
8.987135 8.8757 8.778715 8.694735 8.621975
8.55967 8.508075 8.46685 8.43489 8.41177
8.39851 8.39528 8.401485 8.417295 8.44356
8.48062 8.528815 8.58908 8.663285 8.752195
8.856745 8.97872 9.120755 9.284635 9.47155
9.683115 9.920435 10.18589 10.477015 10.791685
11.12616 11.47296 11.82231 12.162735 12.482505
12.768955 13.010865 13.200925 13.335055 13.41028
13.42456 13.378405 13.27445 13.11584 12.906995
12.65514 12.370475 12.063115 11.742835 11.420175
11.10491 10.803585 10.519685 10.25576 10.013765
9.79387 9.594715 9.41511 9.2548 9.11217
8.985265 8.873065 8.775315 8.69074 8.617215
8.55423 8.501955 8.460135 8.427495 8.40378
8.39001 8.386185 8.391965 8.407435 8.433445
8.47042 8.518445 8.578795 8.65317 8.742335
8.619 8.74191 8.88641 9.055135 9.249785
9.472485 9.72638 10.013085 10.332345 10.68246
11.059945 11.457235 11.861835 12.25921 12.63457
12.97321 13.262125 13.4929 13.661795 13.76626
13.804595 13.77731 13.68653 13.533785 13.32137
13.055575 12.746515 12.405155 12.043055 11.67356
11.309505 10.95973 10.629335 10.32257 10.04258
9.78928 9.5608 9.356205 9.17473 9.013995
8.871365 8.74565 8.63617 8.541055 8.458435
8.38763 8.328555 8.280275 8.241855 8.21338
8.19519 8.186945 8.18822 8.19961 8.22205
8.255625 8.300505 8.35788 8.429875 8.517765
8.622315 8.74548 8.890235 9.0593 9.254205
9.477245 9.73131 10.018185 10.33753 10.68756
11.06496 11.461995 11.866255 12.263205 12.638055
12.976015 13.264165 13.494005 13.661965 13.76541
13.80281 13.77459 13.682705 13.52911 13.31593
13.049455 12.7398 12.3964 12.034045 11.664465
11.300495 10.950805 10.620665 10.31424 10.03476
9.781885 9.554 9.35 9.169205 9.00915
8.8672 8.74225 8.633535 8.539185 8.457415
8.38746 8.32932 8.281975 8.24432 8.216695
8.19927 8.19179 8.19366 8.20556 8.22834
8.262085 8.30705 8.364255 8.435995 8.523375
8.62733 8.749815 8.893805 9.06202 9.256075
9.478265 9.730545 10.016995 10.336 10.68569
11.062835 11.459785 11.86413 12.26125 12.63644
12.97491 13.263655 13.49426 13.66307 13.76745
13.805785 13.77833 13.68738 13.53455 13.321965
13.056 12.746685 12.404985 12.042545 11.672625
11.308145 10.957945 10.62704 10.31985 10.039435
9.78571 9.556805 9.351955 9.17031 9.00932
8.866605 8.740805 8.63141 8.53638 8.453845
8.38321 8.324305 8.27628 8.238115 8.209895
8.191875 8.183885 8.18533 8.196805 8.21933
8.252905 8.2977 8.35499 8.426815 8.51445
8.399275 8.5204 8.664475 8.833965 9.03159
9.260665 9.52544 9.82855 10.170845 10.551985
10.968315 11.41159 11.86821 12.321515 12.75255
13.14236 13.47624 13.74569 13.94731 14.079995
14.14383 14.14009 14.069965 13.93337 13.73073
13.46604 13.14627 12.781365 12.3845 11.9714
11.55779 11.15608 10.77528 10.421595 10.09868
9.8073 9.54601 9.31362 9.10843 8.927635
8.76843 8.628605 8.50697 8.401485 8.310025
8.231485 8.16561 8.111635 8.068455 8.03539
8.012525 7.99969 7.99646 8.00326 8.02128
8.050945 8.09234 8.14657 8.215165 8.29957
8.401145 8.52261 8.66694 8.836855 9.034735
9.264235 9.52935 9.83263 10.175095 10.556235
10.972565 11.41567 11.872035 12.324915 12.755355
13.144655 13.477685 13.746285 13.947055 14.07872
14.141535 14.13686 14.0658 13.92827 13.72495
13.45958 13.1393 12.77244 12.375405 11.96222
11.548695 11.14724 10.766695 10.41335 10.090945
9.800075 9.53938 9.307585 9.10299 8.922875
8.764265 8.625205 8.504335 8.399615 8.309005
8.231315 8.166375 8.113335 8.071005 8.03879
8.01686 8.00479 8.002155 8.00955 8.027995
8.057915 8.099395 8.153455 8.221795 8.30569
8.406755 8.527455 8.670935 8.84 9.03703
9.26568 9.528755 9.83161 10.173735 10.554535
10.97061 11.413545 11.86991 12.32296 12.753825
13.14355 13.47726 13.746625 13.948245 14.080845
14.144595 14.140855 14.07073 13.93405 13.73141
13.466635 13.14678 12.78179 12.38467 11.971315
11.557365 11.1554 10.774175 10.420065 10.09681
9.80492 9.543375 9.31056 9.10503 8.924065
8.764605 8.624695 8.50306 8.397575 8.3062
8.22783 8.162125 8.108405 8.06548 8.03267
8.01006 7.99748 7.994505 8.00156 8.01975
8.0495 8.090895 8.14504 8.213465 8.297615
8.18499 8.30246 8.44356 8.61169 8.809655
9.04196 9.313705 9.6288 9.989625 10.397285
10.84923 11.336195 11.842795 12.349055 12.832365
13.27037 13.64539 13.949095 14.179785 14.338395
14.42654 14.44711 14.40223 14.29088 14.11119
13.863245 13.550785 13.18027 12.762665 12.31463
11.85546 11.40224 10.967805 10.56176 10.19048
9.856515 9.558675 9.294665 9.06236 8.859125
8.681475 8.526435 8.391965 8.27577 8.175215
8.088855 8.016265 7.956255 7.907465 7.86913
7.84159 7.82476 7.81779 7.820595 7.83428
7.859185 7.89548 7.944525 8.008445 8.08877
8.186605 8.304415 8.44594 8.614325 8.812715
9.04536 9.317445 9.632795 9.99379 10.40162
10.85348 11.34036 11.846705 12.352625 12.835595
13.27292 13.647345 13.950285 14.180125 14.3378
14.42501 14.44473 14.39883 14.286545 14.10609
13.857465 13.54441 13.1716 12.75374 12.305535
11.846365 11.39323 10.958965 10.553175 10.182235
9.848695 9.55128 9.28778 9.056155 8.853515
8.676545 8.52227 8.38865 8.27322 8.1736
8.088175 8.016605 7.957615 7.909845 7.872445
7.845925 7.829945 7.823655 7.82714 7.84125
7.866495 7.90296 7.951835 8.0155 8.095315
8.19247 8.309515 8.450105 8.61764 8.815095
9.046805 9.31668 9.63152 9.99209 10.399495
10.851015 11.33781 11.844155 12.350245 12.83347
13.27139 13.646495 13.95037 14.18123 14.339925
14.42824 14.44898 14.404185 14.293005 14.113315
13.865455 13.55291 13.182225 12.76445 12.31599
11.856395 11.402665 10.96772 10.56108 10.18929
9.85473 9.55638 9.29186 9.059215 8.855725
8.67782 8.522695 8.388225 8.27203 8.171645
8.08554 8.01312 7.95345 7.905 7.867005
7.839805 7.82323 7.81643 7.81949 7.83326
7.85825 7.894545 7.943505 8.00717 8.08724
7.97419 8.08622 8.223155 8.388055 8.584065
8.816455 9.092195 9.41596 9.791065 10.22023
10.70252 11.229435 11.78355 12.34132 12.875205
13.358005 13.77 14.10303 14.357435 14.53619
14.644565 14.688085 14.67015 14.589145 14.441245
14.223645 13.934985 13.57654 13.155535 12.687355
12.19257 11.691665 11.202915 10.74145 10.31747
9.93531 9.595055 9.29543 9.0338 8.806
8.607525 8.43523 8.28733 8.160425 8.05103
7.95651 7.87661 7.810225 7.755485 7.711625
7.679155 7.65782 7.646175 7.644135 7.652805
7.67261 7.70338 7.74673 7.80521 7.880095
7.97249 8.085115 8.22273 8.388395 8.585085
8.81824 9.094575 9.418935 9.794465 10.223885
10.706345 11.23326 11.78729 12.344805 12.878265
13.36064 13.77204 14.10439 14.357945 14.535935
14.64329 14.686045 14.667175 14.58532 14.43674
14.218375 13.929205 13.568465 13.14712 12.67894
12.18407 11.683165 11.194585 10.73346 10.309735
9.927915 9.588085 9.288885 9.027765 8.80073
8.602935 8.431405 8.284355 8.158555 8.05018
7.95685 7.87814 7.812945 7.75948 7.716895
7.685615 7.6653 7.654675 7.6534 7.662665
7.68281 7.71375 7.7571 7.815155 7.889615
7.981245 8.093105 8.2297 8.39426 8.589845
8.82198 9.095765 9.419445 9.79438 10.22329
10.705325 11.2319 11.78576 12.343275 12.876905
13.359705 13.7717 14.1049 14.35939 14.5384
14.646945 14.690805 14.67321 14.59246 14.444815
14.22747 13.939065 13.58079 13.159785 12.691435
12.196395 11.695065 11.205805 10.743745 10.31917
9.93633 9.59548 9.295175 9.033035 8.80481
8.605995 8.43353 8.285545 8.15881 8.049585
7.95549 7.876015 7.81014 7.75591 7.71273
7.68077 7.659945 7.64881 7.64711 7.65595
7.675755 7.706525 7.749705 7.807675 7.882135
7.77716 7.883665 8.015245 8.175045 8.36706
8.59758 8.873745 9.20193 9.58783 10.035695
10.545865 11.11035 11.71045 12.317775 12.899005
13.423115 13.868515 14.226705 14.499895 14.695565
14.82162 14.884605 14.88911 14.83573 14.721235
14.54078 14.289435 13.963375 13.56243 13.0951
12.57932 12.03855 11.496845 10.97622 10.493845
10.058645 9.67232 9.33317 9.03839 8.783305
8.56256 8.372075 8.20862 8.06871 7.94886
7.84703 7.761435 7.689355 7.628495 7.578855
7.540775 7.51332 7.49581 7.48884 7.493005
7.507965 7.533295 7.57095 7.62297 7.690885
7.776565 7.883665 8.015755 8.17615 8.36876
8.599875 8.876465 9.205075 9.59123 10.03935
10.54952 11.11392 11.713935 12.32092 12.90181
13.42558 13.87047 14.228065 14.500575 14.69548
14.82077 14.88299 14.88673 14.832585 14.71741
14.53636 14.284505 13.95581 13.554695 13.087195
12.57133 12.030475 11.488685 10.968145 10.485855
10.05074 9.664585 9.325775 9.03125 8.776675
8.55644 8.36655 8.203945 8.064885 7.94597
7.84516 7.760755 7.689865 7.630195 7.581745
7.54477 7.518335 7.50176 7.495555 7.50023
7.515445 7.540945 7.57843 7.630195 7.697515
7.7826 7.888765 8.020005 8.17938 8.37097
8.601065 8.87502 9.203205 9.588935 10.03663
10.54646 11.110605 11.710535 12.31769 12.89875
13.422945 13.86843 14.22679 14.500235 14.69633
14.822725 14.886135 14.891065 14.838195 14.72421
14.54418 14.29326 13.96754 13.566765 13.09952
12.583655 12.04263 11.5005 10.979365 10.49631
10.06043 9.67334 9.333595 9.038135 8.782455
8.561285 8.37046 8.20692 8.066925 7.94716
7.8455 7.760245 7.688505 7.628155 7.579025
7.54137 7.51434 7.49717 7.490455 7.494875
7.509835 7.53508 7.572565 7.624245 7.691735
7.591435 7.690885 7.81524 7.968495 8.15541
8.382105 8.656315 8.986115 9.379325 9.84198
10.37561 10.973245 11.615505 12.270515 12.89824
13.461195 13.935155 14.312895 14.599685 14.80581
14.942575 15.019755 15.043895 15.01627 14.934245
14.793145 14.58617 14.304565 13.94153 13.49749
12.983495 12.420795 11.83744 11.262755 10.72139
10.228475 9.790215 9.406695 9.07477 8.78934
8.5442 8.33391 8.154135 8.00105 7.870915
7.76033 7.66632 7.586505 7.51927 7.46368
7.419395 7.385905 7.362785 7.34995 7.34757
7.3559 7.375025 7.40605 7.451015 7.51179
7.59067 7.690715 7.81575 7.969685 8.157195
8.38457 8.65929 8.989515 9.383065 9.84589
10.37969 10.97724 11.61933 12.274 12.9013
13.46383 13.93728 14.314425 14.600535 14.80598
14.94198 15.01848 15.041855 15.01355 14.930845
14.789235 14.58175 14.297425 13.934135 13.489925
12.97593 12.413145 11.82962 11.25485 10.713315
10.220315 9.782055 9.398535 9.06678 8.781605
8.53672 8.32694 8.147845 7.99561 7.866495
7.757015 7.66428 7.58591 7.51995 7.46589
7.422965 7.39075 7.36882 7.35692 7.35522
7.363975 7.38327 7.41438 7.45892 7.519185
7.597215 7.696325 7.82034 7.973085 8.159575
8.38576 8.65759 8.987475 9.380515 9.843
10.37646 10.973755 11.615845 12.270685 12.898325
13.46145 13.93558 14.313575 14.60062 14.80717
14.94436 15.02205 15.0467 15.019585 14.93807
14.797565 14.591015 14.309835 13.947055 13.503185
12.989275 12.426405 11.842625 11.267345 10.7253
10.23162 9.79251 9.408225 9.075535 8.78934
8.543605 8.332805 8.15269 7.999435 7.8693
7.7588 7.665045 7.585655 7.51876 7.46368
7.419905 7.38684 7.364145 7.35165 7.349525
7.35794 7.37698 7.40792 7.45246 7.51281
7.41608 7.50703 7.62263 7.76764 7.947415
8.1685 8.439225 8.7686 9.165805 9.638915
10.19201 10.81948 11.50084 12.20022 12.87189
13.47182 13.97162 14.364745 14.660035 14.872025
15.01457 15.100335 15.1385 15.131955 15.078575
14.974365 14.81193 14.57988 14.26606 13.863755
13.375515 12.81511 12.208635 11.59077 10.99509
10.444715 9.95146 9.51898 9.145745 8.82623
8.553295 8.320905 8.12362 7.955745 7.812265
7.690035 7.586675 7.49887 7.42424 7.361765
7.31119 7.27141 7.241235 7.221005 7.211655
7.21344 7.226445 7.251265 7.289855 7.343915
7.4154 7.507115 7.62348 7.76934 7.94988
8.171645 8.442965 8.77285 9.170395 9.643675
10.196855 10.824155 11.505175 12.204215 12.87546
13.474795 13.974085 14.366445 14.661055 14.87228
15.01406 15.09923 15.13663 15.12932 15.07543
14.97071 14.80785 14.572825 14.258835 13.856445
13.36812 12.80763 12.200985 11.58295 10.9871
10.436555 9.94313 9.510565 9.137415 8.817985
8.545475 8.313595 8.11699 7.95005 7.80776
7.68689 7.58489 7.498785 7.42577 7.36491
7.315865 7.27753 7.24863 7.22942 7.220835
7.223045 7.236135 7.260785 7.29878 7.35216
7.42254 7.51315 7.62824 7.77274 7.952005
8.172495 8.440415 8.769875 9.166995 9.639935
10.192775 10.819905 11.500925 12.20022 12.871805
13.471735 13.97179 14.365085 14.660715 14.87313
15.016185 15.102545 15.14139 15.13544 15.082825
14.979295 14.817455 14.586 14.27269 13.870725
13.382655 12.82225 12.215435 11.59706 11.0007
10.449645 9.955455 9.52204 9.14804 8.82759
8.553975 8.32099 8.12328 7.95515 7.811585
7.68944 7.58625 7.49887 7.424665 7.362615
7.31255 7.27328 7.24353 7.223555 7.214375
7.21616 7.228995 7.25356 7.29164 7.345105
7.2471 7.32972 7.43716 7.573415 7.74384
7.95634 8.22069 8.54709 8.94591 9.427435
9.99821 10.653815 11.373255 12.116325 12.829815
13.4623 13.982415 14.385485 14.68494 14.89897
15.044405 15.135695 15.183465 15.192135 15.161195
15.08767 14.9651 14.782095 14.524545 14.179785
13.740505 13.20985 12.60618 11.964005 11.32353
10.718075 10.16787 9.68235 9.26296 8.904855
8.600385 8.342155 8.12396 7.939255 7.78175
7.64694 7.531935 7.433845 7.34995 7.279145
7.220835 7.173575 7.13592 7.108125 7.090955
7.08475 7.08934 7.106255 7.137195 7.183435
7.246675 7.330145 7.43852 7.575795 7.74707
7.960335 8.22528 8.55219 8.951265 9.432875
10.00348 10.65883 11.37776 12.120405 12.83313
13.46502 13.984455 14.386845 14.685535 14.898885
15.04364 15.13425 15.18151 15.18967 15.158475
15.08461 14.9617 14.775635 14.518 14.17324
13.73396 13.20305 12.599125 11.95661 11.31571
10.70966 10.15903 9.673085 9.253355 8.895165
8.59078 8.33289 8.115375 7.931605 7.77529
7.641925 7.528705 7.4324 7.35046 7.28161
7.22517 7.17961 7.1434 7.116625 7.100305
7.09444 7.09903 7.11552 7.14561 7.19083
7.252795 7.33482 7.44158 7.577325 7.747155
7.95906 8.220265 8.54692 8.945825 9.427265
9.99787 10.653305 11.372575 12.11556 12.828965
13.461535 13.981905 14.385315 14.68511 14.899565
15.045595 15.13748 15.18593 15.19545 15.165445
15.09277 14.97105 14.788895 14.53211 14.18803
13.749345 13.218945 12.61536 11.97293 11.33203
10.72581 10.17484 9.688385 9.267975 8.90902
8.6037 8.344705 8.12583 7.9407 7.782855
7.64796 7.53304 7.435035 7.35148 7.281015
7.22313 7.17621 7.138895 7.11127 7.09427
7.087895 7.092315 7.10872 7.139065 7.184625
7.091125 7.16414 7.26155 7.38786 7.54851
7.752 8.009295 8.331105 8.729075 9.21587
9.801095 10.48237 11.23768 12.0224 12.775415
13.43816 13.97604 14.38608 14.685705 14.897355
15.041345 15.13408 15.187205 15.206415 15.192645
15.14445 15.056645 14.91886 14.717325 14.436485
14.06189 13.585635 13.01486 12.376255 11.710535
11.059265 10.45432 9.91372 9.443585 9.04128
8.69975 8.410835 8.167055 7.96093 7.78549
7.635295 7.506605 7.39619 7.30133 7.220155
7.15207 7.095715 7.049475 7.013265 6.98785
6.97323 6.96915 6.97714 6.99941 7.03715
7.091465 7.165415 7.263845 7.39109 7.552675
7.757015 8.014905 8.33714 8.735365 9.222245
9.8073 10.48832 11.24312 12.027245 12.77958
13.441645 13.978845 14.388035 14.686895 14.897865
15.04109 15.133145 15.185845 15.20446 15.19035
15.141815 15.053755 14.91257 14.71095 14.430025
14.05543 13.579005 13.00789 12.36886 11.702545
11.05068 10.445055 9.90386 9.4333 9.03074
8.68921 8.400635 8.15745 7.95226 7.77818
7.6296 7.50278 7.39449 7.30167 7.222705
7.156575 7.102005 7.05738 7.022275 6.99754
6.98309 6.978925 6.98615 7.0074 7.04378
7.096565 7.168815 7.26546 7.39092 7.55089
7.75387 8.007595 8.32983 8.728055 9.21502
9.800415 10.481775 11.237085 12.021805 12.77499
13.437905 13.976125 14.38642 14.6863 14.89829
15.04262 15.135865 15.18967 15.209475 15.19647
15.149125 15.06217 14.92532 14.724635 14.444645
14.070815 13.59524 13.024805 12.38637 11.72048
11.06887 10.463245 9.921965 9.45098 9.047825
8.705445 8.41568 8.171135 7.964415 7.788465
7.63793 7.508985 7.398485 7.303625 7.22262
7.15462 7.098435 7.052365 7.016155 6.990655
6.975865 6.971445 6.978925 7.0006 7.03749
6.94416 7.007145 7.093845 7.208935 7.35947
7.554035 7.803255 8.11886 8.514705 9.005325
9.6016 10.30421 11.093095 11.918955 12.71039
13.400505 13.952665 14.3667 14.664115 14.87143
15.011595 15.102885 15.157455 15.18202 15.17981
15.15074 15.09073 14.99128 14.840745 14.62425
14.32386 13.923425 13.416655 12.81613 12.154915
11.477465 10.82611 10.230005 9.703515 9.249275
8.863035 8.536805 8.26149 8.02859 7.830625
7.661645 7.51689 7.39211 7.284245 7.19117
7.111355 7.043525 6.986405 6.939825 6.903785
6.878455 6.864345 6.86256 6.87463 6.90183
6.945945 7.00995 7.097585 7.21378 7.365165
7.56058 7.81031 8.12634 8.52244 9.01289
9.608825 10.31101 11.099215 11.924225 12.714895
13.40416 13.95547 14.368655 14.66539 14.871855
15.011425 15.102205 15.156435 15.180745 15.17828
15.149125 15.088945 14.985925 14.835475 14.618895
14.31842 13.917815 13.410535 12.80933 12.14718
11.468795 10.81642 10.21938 9.69204 9.23729
8.85088 8.52482 8.2501 8.018305 7.82187
7.654845 7.5123 7.39007 7.28484 7.194315
7.116965 7.05126 6.99584 6.95045 6.91509
6.88976 6.875055 6.87225 6.882705 6.90795
6.949855 7.011395 7.096735 7.21072 7.360065
7.553865 7.798835 8.11495 8.511305 9.00235
9.598965 10.302 11.091225 11.917425 12.70937
13.399995 13.952665 14.36721 14.665135 14.87279
15.013465 15.105265 15.16043 15.18576 15.184315
15.156095 15.096935 14.998505 14.848905 14.633345
14.33389 13.93422 13.428045 12.827945 12.16673
11.48911 10.837245 10.24046 9.71312 9.257945
8.870685 8.543435 8.267185 8.03335 7.834705
7.66513 7.519865 7.394745 7.286625 7.193465
7.11365 7.045735 6.988615 6.94195 6.90574
6.880155 6.865535 6.863155 6.874545 6.900895
6.80578 6.856865 6.93141 7.03477 7.173915
7.358025 7.59781 7.9067 8.299825 8.792825
9.39879 10.121375 10.94188 11.806755 12.635335
13.35129 13.91484 14.329045 14.62085 14.8206
14.953965 15.04075 15.0943 15.12201 15.127705
15.11266 15.074155 15.005985 14.8988 14.739595
14.511115 14.193895 13.77272 13.24436 12.625985
11.954485 11.276525 10.63333 10.05091 9.540145
9.10146 8.729245 8.414915 8.14912 7.923105
7.73041 7.565425 7.423475 7.29997 7.19185
7.097585 7.0159 6.945435 6.88534 6.83604
6.79813 6.77246 6.759625 6.760645 6.776625
6.809265 6.861455 6.937105 7.04157 7.181735
7.36661 7.60699 7.91622 8.309345 8.80209
9.40746 10.12928 10.94868 11.812535 12.640095
13.354945 13.917475 14.330745 14.621615 14.8206
14.95337 15.03973 15.09294 15.12048 15.126175
15.11113 15.07271 15.000715 14.893615 14.734495
14.505845 14.188285 13.76643 13.237305 12.61774
11.94505 11.265815 10.62143 10.03799 9.52646
9.087435 8.715475 8.40191 8.13739 7.91333
7.72293 7.56075 7.421775 7.30133 7.196355
7.104895 7.02559 6.956995 6.89809 6.849215
6.811135 6.784445 6.76991 6.768635 6.78181
6.811475 6.860605 6.93328 7.03494 7.17264
7.355645 7.59033 7.899815 8.293535 8.787215
9.393775 10.11704 10.938055 11.80361 12.632955
13.349675 13.913905 14.328705 14.62102 14.82128
14.95507 15.042365 15.096425 15.124815 15.13136
15.117165 15.079595 15.01253 14.906365 14.748265
14.520805 14.204605 13.78428 13.2566 12.638565
11.967065 11.288935 10.64523 10.062045 9.550345
9.110725 8.73749 8.42214 8.155325 7.928545
7.735 7.56942 7.42696 7.30303 7.194655
7.10022 7.01828 6.94756 6.88721 6.83757
6.799235 6.772885 6.759285 6.759285 6.77416
6.663235 6.700975 6.76294 6.85423 6.981815
7.155555 7.387265 7.68995 8.07891 8.57208
9.18595 9.927235 10.77732 11.67883 12.542345
13.2821 13.85415 14.264955 14.548175 14.739
14.864375 14.945125 14.995785 15.024515 15.0348
15.028765 15.00607 14.962465 14.890045 14.778525
14.614305 14.379025 14.052625 13.62125 13.084985
12.463295 11.794005 11.12378 10.492995 9.925365
9.428455 9.001415 8.638975 8.33272 8.072535
7.85009 7.65918 7.494025 7.349525 7.222195
7.11008 7.01063 6.921975 6.84454 6.779345
6.726475 6.68559 6.65839 6.646065 6.64921
6.66859 6.707775 6.7711 6.86358 6.992185
7.16669 7.398825 7.70151 8.0903 8.58279
9.195725 9.935735 10.784545 11.684525 12.54651
13.28482 13.85551 14.26504 14.54724 14.73713
14.86191 14.94215 14.99264 15.021285 15.031655
15.025875 15.003435 14.955835 14.883755 14.772405
14.608015 14.37231 14.04523 13.61292 13.07538
12.45233 11.781595 11.11001 10.478035 9.909555
9.412475 8.985775 8.62444 8.3198 8.061995
7.84244 7.65493 7.49343 7.352585 7.228825
7.11994 7.02321 6.936425 6.860095 6.795155
6.741435 6.698935 6.669185 6.6538 6.65329
6.66876 6.70395 6.763535 6.852615 6.978415
7.15088 7.37647 7.680005 8.069985 8.56409
9.17898 9.9212 10.772305 11.674665 12.539115
13.279805 13.85262 14.264105 14.547835 14.739
14.86463 14.94572 14.996805 15.02596 15.036925
15.03174 15.010065 14.967565 14.896335 14.78609
14.623145 14.389055 14.06393 13.63349 13.098075
12.476895 11.807775 11.137295 10.506085 9.93769
9.440015 9.011955 8.64858 8.34122 8.0801
7.85672 7.66513 7.499295 7.354115 7.226275
7.113735 7.013775 6.924695 6.846665 6.78079
6.72707 6.68525 6.65686 6.64343 6.64513
6.521625 6.54517 6.593875 6.67284 6.78929
6.953 7.1757 7.47099 7.855615 8.348445
8.9675 9.72298 10.599415 11.53603 12.433205
13.194295 13.772125 14.17766 14.45136 14.63207
14.748775 14.823235 14.87041 14.89829 14.910955
14.91121 14.89931 14.87228 14.825105 14.7509
14.63887 14.473205 14.235885 13.90906 13.480235
12.94941 12.33707 11.681805 11.028495 10.413605
9.859235 9.373885 8.95679 8.601405 8.29855
8.039555 7.81694 7.623735 7.45348 7.30184
7.16567 7.042165 6.930135 6.830005 6.742965
6.66944 6.60994 6.5654 6.53684 6.524175
6.528765 6.553925 6.604075 6.684315 6.80187
6.96643 7.18947 7.48476 7.86896 8.360855
8.978805 9.73284 10.60749 11.54232 12.437795
13.197185 13.773485 14.17766 14.45017 14.63003
14.746055 14.82009 14.86718 14.89523 14.90815
14.90883 14.89727 14.866075 14.819495 14.74563
14.63343 14.467425 14.229255 13.901325 13.47097
12.93853 12.324405 11.667525 11.012855 10.397115
9.842405 9.35748 8.941575 8.58823 8.288095
8.0325 7.813795 7.624755 7.45875 7.311105
7.17842 7.05789 6.947815 6.84862 6.761325
6.686525 6.624475 6.576535 6.543725 6.526385
6.525875 6.546105 6.591495 6.667655 6.78181
6.943905 7.15921 7.455775 7.84176 8.33612
8.95679 9.713885 10.591765 11.52991 12.428615
13.19115 13.77017 14.17664 14.450935 14.632155
14.7492 14.82383 14.871345 14.899565 14.912825
14.913675 14.902625 14.8767 14.830715 14.75787
14.6472 14.483065 14.247105 13.92164 13.493835
12.963945 12.3522 11.69719 11.04371 10.42848
9.87343 9.38723 8.9692 8.612795 8.308835
8.048905 7.825355 7.63113 7.46011 7.30762
7.170685 7.046415 6.93362 6.832555 6.744495
6.669865 6.609005 6.563105 6.53293 6.51865
6.369475 6.378655 6.414015 6.48057 6.586055
6.740585 6.95538 7.243785 7.62331 8.114015
8.736555 9.505125 10.40706 11.377845 12.30579
13.08371 13.663155 14.061295 14.323945 14.49335
14.600705 14.669045 14.71282 14.739255 14.753025
14.75736 14.752685 14.736535 14.70653 14.658505
14.584725 14.47312 14.309665 14.07804 13.76099
13.3467 12.83585 12.24816 11.61882 10.98897
10.393375 9.85371 9.378815 8.968265 8.61577
8.312915 8.05154 7.823315 7.62059 7.43699
7.268435 7.112375 6.96796 6.83672 6.72061
6.620395 6.5365 6.47037 6.42277 6.393275
6.382395 6.39336 6.430335 6.49825 6.60467
6.759795 6.97459 7.26257 7.641075 8.13042
8.75109 9.51745 10.417005 11.38541 12.31106
13.08694 13.6646 14.06104 14.322415 14.4908
14.59756 14.66556 14.709335 14.736025 14.75022
14.75515 14.7509 14.73033 14.70092 14.65315
14.579115 14.46683 14.30227 14.06903 13.750025
13.33361 12.82072 12.231075 11.600205 10.969335
10.373485 9.834415 9.361135 8.953135 8.604125
8.305435 8.048735 7.82561 7.6279 7.44906
7.2845 7.1315 6.989125 6.85848 6.74169
6.639265 6.55197 6.48125 6.42821 6.392595
6.375425 6.38027 6.411635 6.47462 6.577215
6.72979 6.935405 7.22551 7.60682 8.09965
8.724315 9.494925 10.398815 11.371555 12.301455
13.081075 13.66205 14.06121 14.32454 14.494285
14.60181 14.67015 14.71384 14.740275 14.75413
14.75889 14.75464 14.73917 14.7101 14.66318
14.590505 14.480345 14.31825 14.0879 13.772125
13.358855 12.84894 12.261845 11.63276 11.00291
10.40706 9.8668 9.39131 8.97991 8.626565
8.322775 8.06038 7.831305 7.62756 7.44294
7.27328 7.115945 6.970255 6.83757 6.71976
6.61776 6.531995 6.463825 6.414185 6.38248
6.210695 6.20517 6.227865 6.283795 6.380015
6.526045 6.73268 7.013775 7.387265 7.874655
8.498555 9.277155 10.201105 11.20266 12.159675
12.953405 13.53217 13.9196 14.17001 14.329045
14.427985 14.490545 14.531855 14.558035 14.57223
14.57818 14.57784 14.569765 14.551065 14.51953
14.470825 14.39747 14.288585 14.131675 13.91144
13.61241 13.22379 12.74609 12.19597 11.604115
11.006905 10.436385 9.91423 9.44996 9.04383
8.690825 8.383635 8.11325 7.869895 7.645495
7.43478 7.2352 7.046755 6.872505 6.7167
6.581295 6.466715 6.37381 6.303175 6.2543
6.227015 6.223785 6.24835 6.30564 6.40288
6.549165 6.75563 7.03579 7.40792 7.893185
8.51462 9.2905 10.211475 11.21014 12.164435
12.955785 13.53251 13.918155 14.16712 14.32522
14.423735 14.486295 14.52786 14.55455 14.569425
14.57614 14.57665 14.564155 14.546305 14.515025
14.466235 14.39186 14.2817 14.12275 13.900135
13.59864 13.207555 12.72756 12.175655 11.582695
10.9854 10.41573 9.895615 9.434575 9.032695
8.68479 8.383295 8.118945 7.881625 7.662665
7.45671 7.2607 7.074295 6.90064 6.74356
6.605265 6.48618 6.38741 6.309975 6.253535
6.2186 6.207805 6.225485 6.27691 6.36956
6.512955 6.707945 6.990995 7.36678 7.85655
8.483085 9.264235 10.190565 11.1945 12.153895
12.949835 13.530385 13.919175 14.170435 14.32998
14.429175 14.49182 14.533045 14.559225 14.57342
14.579455 14.579625 14.57206 14.554125 14.52344
14.47584 14.40359 14.296065 14.140345 13.921385
13.623545 13.235945 12.759095 12.209485 11.618055
11.02093 10.450325 9.92783 9.463135 9.056495
8.70281 8.394855 8.12362 7.879245 7.653655
7.441665 7.240555 7.05041 6.874205 6.716105
6.57832 6.461105 6.365565 6.292125 6.24053
6.0503 6.030495 6.041545 6.08736 6.17457
6.31227 6.510915 6.783935 7.1502 7.63198
8.25401 9.038985 9.98189 11.012345 11.99673
12.80491 13.383335 13.761755 14.0012 14.151055
14.243705 14.302355 14.34154 14.3667 14.38115
14.3888 14.391095 14.38693 14.375115 14.354375
14.322075 14.27303 14.20095 14.096995 13.94952
13.745265 13.47131 13.118475 12.686675 12.18781
11.64585 11.09182 10.555555 10.05805 9.608485
9.20822 8.853685 8.536975 8.246105 7.97028
7.70287 7.441835 7.19032 6.95572 6.745685
6.563445 6.409255 6.28371 6.18664 6.11626
6.07155 6.054125 6.06713 6.11439 6.202365
6.340065 6.537945 6.80952 7.17366 7.652805
8.27169 9.053265 9.9926 11.019655 12.000895
12.80644 13.38257 13.75912 13.99729 14.146295
14.238605 14.297425 14.337035 14.36296 14.37843
14.38693 14.390075 14.382 14.37095 14.35055
14.317825 14.267675 14.19364 14.08722 13.936855
13.72954 13.45244 13.09697 12.663045 12.16299
11.62103 11.068275 10.53473 10.04122 9.59701
9.203035 8.855555 8.54624 8.262765 7.99374
7.732025 7.47541 7.226445 6.992525 6.781045
6.59532 6.435775 6.30326 6.19786 6.11847
6.064495 6.037975 6.042735 6.08294 6.16539
6.299435 6.482865 6.75801 7.12674 7.61124
8.236075 9.023855 9.96948 11.00257 11.989675
12.800405 13.380955 13.760905 14.00154 14.152075
14.245065 14.303885 14.34307 14.368145 14.38268
14.39033 14.39288 14.38914 14.377835 14.357775
14.326325 14.2783 14.20724 14.10439 13.958105
13.75504 13.482105 13.130205 12.699255 12.20107
11.65962 11.105845 10.56975 10.07216 9.62234
9.221565 8.866435 8.548875 8.256985 7.979885
7.71086 7.44787 7.19406 6.956825 6.7439
6.558515 6.40101 6.27215 6.17168 6.098155
5.90206 5.868315 5.868825 5.90529 5.983235
6.112435 6.302835 6.567355 6.92529 7.400355
8.01924 8.80906 9.76939 10.82781 11.839055
12.66075 13.237645 13.607055 13.837745 13.981225
14.06971 14.12632 14.164995 14.190665 14.20605
14.214975 14.218885 14.2171 14.209195 14.194915
14.172475 14.13873 14.089345 14.018965 13.9196
13.781815 13.594985 13.34908 13.037385 12.658795
12.220875 11.741135 11.244905 10.75641 10.29265
9.86323 9.47172 9.11302 8.774295 8.44169
8.105175 7.763135 7.424325 7.106 6.82312
6.580445 6.376955 6.21214 6.084895 5.99114
5.92824 5.897215 5.899765 5.93759 6.01613
6.14499 6.334285 6.596765 6.952065 7.42373
8.03896 8.824615 9.780865 10.835375 11.843135
12.66177 13.2362 13.60374 13.83307 13.9757
14.06393 14.120795 14.160065 14.186585 14.20299
14.21285 14.21761 14.212765 14.205625 14.19143
14.16831 14.13278 14.080845 14.00715 13.904045
13.762265 13.57144 13.32205 13.00772 12.627685
12.189765 11.71181 11.219065 10.73584 10.278795
9.85762 9.47512 9.12594 8.796735 8.472885
8.144105 7.807845 7.472775 7.155725 6.871485
6.624985 6.415205 6.242145 6.104955 6.00032
5.926115 5.88404 5.876475 5.905545 5.9772
6.101385 6.271895 6.53888 6.89962 7.377745
7.99986 8.79274 9.75613 10.81761 11.831745
12.656245 13.23552 13.606715 13.83868 13.982925
14.07175 14.128445 14.16712 14.192535 14.20775
14.21659 14.2205 14.218715 14.211065 14.197125
14.17528 14.14213 14.09368 14.02415 13.92572
13.78904 13.603315 13.35843 13.04767 12.6701
12.232945 11.75397 11.258335 10.77018 10.30642
9.876915 9.48498 9.125515 8.785855 8.451805
8.11359 7.769255 7.427725 7.106255 6.819805
6.573305 6.365905 6.197095 6.065855 5.968445
5.763255 5.717355 5.708855 5.737415 5.80771
5.928325 6.108525 6.36174 6.709645 7.17723
7.791865 8.58466 9.5608 10.645485 11.681295
12.51404 13.088895 13.45125 13.67616 13.816495
13.904385 13.96244 14.00273 14.029165 14.04523
14.0556 14.06138 14.06155 14.05679 14.047355
14.030865 14.00477 13.96771 13.91637 13.84514
13.748325 13.62006 13.45176 13.23501 12.965305
12.64239 12.271195 11.863705 11.437515 11.009795
10.59338 10.19592 9.816735 9.44435 9.0593
8.64552 8.202925 7.752595 7.32683 6.95028
6.63102 6.36752 6.15672 5.99454 5.87486
5.79377 5.750845 5.744555 5.774305 5.84477
5.964875 6.143375 6.39404 6.738715 7.202305
7.81252 8.600725 9.572275 10.65271 11.684695
12.514465 13.086685 13.44717 13.670805 13.81063
13.898435 13.956915 13.998055 14.025425 14.042595
14.0539 14.06036 14.05968 14.0556 14.04591
14.027975 13.999245 13.95853 13.902685 13.826185
13.723845 13.590055 13.41708 13.19676 12.925015
12.602015 12.23303 11.83013 11.41074 10.99203
10.58641 10.201105 9.83467 9.47512 9.102225
8.698985 8.26489 7.82034 7.397295 7.020065
6.69698 6.42651 6.20602 6.03194 5.899085
5.80414 5.74736 5.728235 5.746765 5.808305
5.921865 6.07563 6.33148 6.682445 7.153175
7.771125 8.567065 9.546265 10.634095 11.672965
12.508685 13.08592 13.45006 13.67633 13.8176
13.905915 13.964055 14.00443 14.03061 14.046505
14.056705 14.062315 14.062315 14.057555 14.048205
14.03197 14.006215 13.969665 13.91892 13.84837
13.752405 13.62499 13.45771 13.242065 12.973465
12.651655 12.281565 11.875095 11.449755 11.022545
10.60647 10.20901 9.8294 9.456165 9.069925
8.65419 8.20913 7.755825 7.32649 6.945775
6.622265 6.35409 6.1387 5.97193 5.848085
5.63482 5.575575 5.55747 5.577445 5.638815
5.750505 5.921015 6.16352 6.5008 6.95878
7.56619 8.358305 9.346515 10.455765 11.51699
12.36308 12.936915 13.292895 13.51432 13.654825
13.74399 13.804085 13.847775 13.877695 13.896225
13.908125 13.915775 13.91807 13.914925 13.90685
13.892825 13.87098 13.840295 13.79907 13.74433
13.672335 13.578665 13.45771 13.304625 13.115415
12.88719 12.6191 12.315395 11.983555 11.63293
11.27321 10.912045 10.55037 10.176285 9.76514
9.29067 8.748285 8.17037 7.613535 7.122745
6.71245 6.37823 6.11456 5.91481 5.768865
5.669075 5.61289 5.59708 5.618245 5.679955
5.79071 5.959435 6.199135 6.532675 6.986235
7.5888 8.3759 9.359095 10.463585 11.52073
12.363505 12.93462 13.288645 13.50871 13.64862
13.73787 13.798475 13.8431 13.87421 13.89376
13.906765 13.915095 13.922065 13.919345 13.91042
13.894185 13.86843 13.832305 13.784195 13.72172
13.64148 13.53965 13.411385 13.252435 13.059485
12.83024 12.56436 12.26601 11.94301 11.604455
11.259355 10.91502 10.571365 10.21564 9.822175
9.363685 8.83456 8.266505 7.715365 7.22585
6.81241 6.47071 6.195735 5.981535 5.81893
5.701205 5.626915 5.593765 5.599375 5.64808
5.749145 5.88489 6.130285 6.470625 6.932005
7.54273 8.33816 9.3296 10.44191 11.50628
12.35543 12.93173 13.28958 13.512365 13.653805
13.74348 13.80383 13.847605 13.877525 13.8958
13.907615 13.91518 13.91756 13.914415 13.90651
13.892825 13.87149 13.84123 13.8006 13.74654
13.67548 13.58266 13.462725 13.31066 13.12264
12.895605 12.628705 12.32602 11.9952 11.64534
11.28613 10.92505 10.563035 10.188185 9.775595
9.29934 8.75432 8.173175 7.612345 7.117135
6.701995 6.36276 6.09399 5.88931 5.738775
5.53095 5.458275 5.429715 5.439575 5.490235
5.5913 5.75144 5.983405 6.30989 6.757415
7.355645 8.14436 9.14141 10.271315 11.354555
12.213225 12.78944 13.144825 13.367865 13.51245
13.606715 13.67157 13.719 13.751215 13.77119
13.784705 13.79431 13.79873 13.797965 13.79244
13.780795 13.761075 13.732515 13.69503 13.64743
13.588015 13.513895 13.42167 13.308705 13.171515
13.006785 12.81307 12.59173 12.34506 12.07629
11.790605 11.492765 11.180985 10.841665 10.44463
9.95129 9.343455 8.65538 7.96603 7.348165
6.832215 6.41716 6.095435 5.85667 5.6848
5.56699 5.497715 5.471535 5.48267 5.533585
5.63363 5.79173 6.02055 6.342955 6.785805
7.37868 8.161955 9.15365 10.278455 11.35736
12.212545 12.78604 13.139385 13.36115 13.505225
13.599575 13.665195 13.71373 13.74722 13.768385
13.783005 13.79329 13.81318 13.811735 13.80383
13.78751 13.76065 13.72274 13.67361 13.613005
13.53965 13.451675 13.34687 13.22345 13.07895
12.911075 12.718805 12.504265 12.269665 12.018065
11.7538 11.481035 11.19671 10.88578 10.51671
10.049295 9.4639 8.793505 8.116055 7.503885
6.987 6.56455 6.22965 5.972865 5.77915
5.6372 5.542765 5.492105 5.480715 5.51225
5.59691 5.715145 5.95017 6.280055 6.73115
7.332865 8.12498 9.12526 10.25831 11.34478
12.20651 12.785275 13.1427 13.3671 13.512705
13.607565 13.672845 13.72036 13.752575 13.772465
13.785895 13.79533 13.799665 13.79873 13.793035
13.78139 13.761585 13.73311 13.69571 13.64845
13.58929 13.515595 13.424135 13.311935 13.17568
13.012055 12.81953 12.59938 12.353985 12.08632
11.8014 11.50407 11.19246 10.85263 10.45466
9.95979 9.349575 8.65844 7.965095 7.34264
6.82159 6.40118 6.074015 5.82998 5.65335
5.43252 5.34718 5.310545 5.3142 5.358485
5.451475 5.60082 5.81859 6.12884 6.56013
7.143995 7.92506 8.928315 10.07879 11.18583
12.05878 12.638225 12.99327 13.217755 13.365825
13.46502 13.536505 13.59065 13.628475 13.65338
13.671315 13.683385 13.68823 13.687125 13.681175
13.66919 13.64998 13.624225 13.59116 13.549255
13.497405 13.43408 13.35622 13.26238 13.15239
13.024465 12.877075 12.7109 12.526705 12.32415
12.103915 11.86685 11.60913 11.316645 10.96024
10.49427 9.881845 9.140135 8.351845 7.616
6.990485 6.487115 6.098665 5.81196 5.60779
5.46941 5.38747 5.353385 5.358485 5.40294
5.49508 5.6423 5.856925 6.16318 6.589625
7.168135 7.94359 8.941235 10.08661 11.189145
12.05844 12.634995 12.987915 13.211125 13.3586
13.457965 13.53013 13.585295 13.624395 13.650575
13.669615 13.68245 13.723675 13.717555 13.7037
13.679985 13.645135 13.599745 13.543475 13.475645
13.39634 13.305475 13.201945 13.086005 12.9591
12.82123 12.672055 12.512935 12.34506 12.16775
11.980835 11.783805 11.57088 11.32591 11.01719
10.596525 10.02473 9.316765 8.553465 7.832665
7.21191 6.70293 6.299265 5.98893 5.7545
5.58127 5.462185 5.39104 5.361205 5.374975
5.44204 5.563675 5.78459 6.09841 6.533355
7.120705 7.90517 8.911485 10.06502 11.17512
12.051045 12.63287 12.989785 13.21563 13.36455
13.46434 13.536165 13.590565 13.62856 13.65355
13.671485 13.683555 13.6884 13.687295 13.68143
13.669445 13.65032 13.624565 13.59167 13.54985
13.498255 13.435185 13.357665 13.264505 13.155195
13.028205 12.881835 12.716765 12.53376 12.332225
12.11284 11.87637 11.61882 11.32608 10.96891
10.501495 9.887115 9.142515 8.350485 7.61005
6.97952 6.47071 6.07682 5.78476 5.57566
5.34327 5.24518 5.199025 5.19469 5.2309
5.31437 5.451985 5.656155 5.951275 6.36565
6.931835 7.6993 8.70077 9.86374 10.988715
11.87348 12.456495 12.814005 13.0441 13.19948
13.30539 13.383165 13.44326 13.485845 13.514065
13.53438 13.548065 13.5541 13.55461 13.550785
13.540245 13.521885 13.497405 13.46621 13.42643
13.37815 13.320605 13.2515 13.169985 13.07691
12.971 12.850555 12.71668 12.569885 12.407535
12.228695 12.03481 11.821205 11.57292 11.26522
10.856115 10.294775 9.566155 8.730605 7.89905
7.164565 6.5671 6.108525 5.773625 5.5386
5.38101 5.28649 5.24297 5.240165 5.276715
5.35925 5.49474 5.69568 5.98655 6.39591
6.956485 7.718 8.71369 9.87122 10.99152
11.87246 12.4525 12.807715 13.036365 13.191235
13.297315 13.375855 13.43714 13.481085 13.510665
13.53217 13.546705 13.618785 13.59031 13.55172
13.499275 13.43136 13.349505 13.25405 13.144825
13.02438 12.89501 12.757905 12.615955 12.47358
12.33265 12.194015 12.06065 11.93383 11.81041
11.68801 11.565525 11.43471 11.27644 11.061305
10.74247 10.264345 9.60772 8.829375 8.03777
7.32445 6.72945 6.255575 5.88965 5.61085
5.40056 5.24824 5.146325 5.088355 5.07654
5.120655 5.414925 5.62224 5.920675 6.338535
6.90812 7.678645 8.68309 9.84895 10.9769
11.86447 12.44995 12.80916 13.040615 13.19693
13.30352 13.381805 13.44224 13.48508 13.51347
13.533955 13.547725 13.55393 13.554525 13.5507
13.540075 13.5218 13.49715 13.46587 13.42609
13.377725 13.32035 13.251415 13.170325 13.07793
12.97287 12.853275 12.72059 12.574985 12.413825
12.236005 12.042885 11.829705 11.58142 11.273125
10.862915 10.299705 9.568365 8.72933 7.89327
7.1536 6.55061 6.086425 5.746 5.50579
5.24977 5.140545 5.086485 5.074925 5.103825
5.17888 5.305275 5.49491 5.772605 6.16641
6.708455 7.45263 8.4405 9.60381 10.73703
11.628 12.213395 12.57405 12.81086 12.97389
13.086345 13.169985 13.235095 13.28057 13.31032
13.33259 13.34857 13.35622 13.35809 13.35605
13.3467 13.32885 13.304795 13.27479 13.23671
13.191235 13.138875 13.076995 13.00415 12.922125
12.829985 12.725435 12.609835 12.48514 12.34778
12.19478 12.02784 11.844325 11.630125 11.364075
11.01294 10.525295 9.859915 9.038475 8.15643
7.330825 6.640795 6.11116 5.72849 5.46295
5.287 5.18143 5.130005 5.119975 5.149385
5.223505 5.34786 5.53435 5.80788 6.19667
6.733105 7.47133 8.45325 9.611035 10.739325
11.626385 12.20838 12.56657 12.80185 12.964115
13.07657 13.160805 13.22702 13.27394 13.305135
13.32868 13.345595 13.35384 13.35571 13.353075
13.34279 13.323495 13.29774 13.265865 13.226085
13.17908 13.12553 13.06314 12.990465 12.909205
12.818595 12.716085 12.60295 12.48089 12.346165
12.195375 12.030135 11.847385 11.63293 11.365265
11.011155 10.519175 9.8481 9.01969 8.12957
7.295125 6.59583 6.057015 5.665675 5.392315
5.209905 5.099405 5.044835 5.0337 5.063875
5.1408 5.26966 5.462185 5.743025 6.139975
6.685165 7.432145 8.422565 9.588425 10.72428
11.6178 12.205235 12.567335 12.805165 12.96896
13.08184 13.16582 13.231185 13.276915 13.306835
13.329275 13.345425 13.353245 13.355285 13.353415
13.344235 13.326385 13.302415 13.272325 13.234245
13.18877 13.136495 13.074785 13.002365 12.92085
12.829475 12.72586 12.611365 12.48769 12.35152
12.199625 12.033535 11.85053 11.636585 11.37011
11.017955 10.52878 9.86102 9.036435 8.15031
7.319945 6.62456 6.0894 5.70129 5.43065
5.169105 5.050785 4.990265 4.9725 4.99528
5.06294 5.178115 5.351515 5.608215 5.975245
6.48397 7.191765 8.148355 9.29186 10.416665
11.30534 11.890055 12.25156 12.491515 12.65922
12.77618 12.863475 12.931645 12.979585 13.010865
13.034495 13.05175 13.060165 13.06195 13.059995
13.05141 13.03458 13.01197 12.98477 12.950685
12.90963 12.862625 12.807205 12.741415 12.6667
12.58374 12.49092 12.388835 12.27944 12.15959
12.025205 11.87671 11.713085 11.52277 11.28749
10.98302 10.567965 9.991495 9.236865 8.36077
7.47949 6.70956 6.113115 5.68769 5.39665
5.20523 5.09048 5.03268 5.016615 5.03999
5.10697 5.22036 5.390785 5.64349 6.00576
6.509045 7.210975 8.16153 9.29951 10.419385
11.303895 11.885295 12.24408 12.48225 12.649105
12.76581 12.85353 12.922635 12.97185 13.004575
13.029395 13.047585 13.05651 13.05838 13.056
13.04648 13.028205 13.00398 12.97491 12.93904
12.896455 12.84826 12.79216 12.72637 12.652335
12.57065 12.4797 12.379995 12.273065 12.15585
12.023675 11.87705 11.714445 11.52396 11.28749
10.980385 10.56142 9.979765 9.218675 8.3351
7.445405 6.666635 6.06135 5.627595 5.328905
5.13111 5.01143 4.950315 4.93289 4.956775
5.02622 5.143775 5.31981 5.579315 5.94932
6.46085 7.17111 8.129825 9.27554 10.402555
11.29344 11.87994 12.24255 12.48327 12.65157
12.7687 12.856165 12.924505 12.97253 13.004065
13.027865 13.045375 13.054045 13.056085 13.054385
13.046055 13.029225 13.006785 12.979585 12.945415
12.904445 12.85744 12.802105 12.736485 12.66211
12.579745 12.48769 12.38654 12.27825 12.159505
12.026225 11.878835 11.715975 11.525915 11.29055
10.9854 10.569155 9.990815 9.23355 8.35397
7.46844 6.69358 6.09195 5.66134 5.36537
5.07552 4.952355 4.88954 4.86812 4.884695
4.944875 5.04934 5.20591 5.439065 5.775325
6.242655 6.897665 7.79637 8.88726 9.97152
10.83376 11.404705 11.761025 11.999875 12.16724
12.283775 12.37073 12.4389 12.486585 12.517355
12.54039 12.55756 12.566145 12.568185 12.566655
12.55977 12.54532 12.525005 12.500185 12.469755
12.43363 12.391895 12.342595 12.28403 12.21722
12.142845 12.05997 11.969785 11.873225 11.767655
11.648825 11.515885 11.367645 11.19586 10.98642
10.71986 10.364645 9.875215 9.21553 8.400635
7.5208 6.709645 6.068405 5.61578 5.31063
5.1102 4.990265 4.92983 4.90994 4.927025
4.986525 5.089375 5.243055 5.472385 5.804055
6.2662 6.915515 7.80844 8.89389 9.97322
10.831295 11.39884 11.75244 11.98925 12.15551
12.27162 12.358915 12.427765 12.476555 12.5086
12.532655 12.55076 12.560025 12.562065 12.56028
12.552545 12.53682 12.51506 12.488625 12.456665
12.419095 12.37634 12.326445 12.26788 12.20175
12.12865 12.047645 11.95967 11.86566 11.76264
11.64619 11.515035 11.3679 11.19637 10.985995
10.71731 10.358695 9.864675 9.19921 8.3776
7.4902 6.67097 6.02157 5.56104 5.248835
5.04237 4.91759 4.85401 4.832675 4.850015
4.911385 5.017635 5.176245 5.41161 5.75008
6.219535 6.87633 7.776565 8.868815 9.954605
10.81846 11.39068 11.747765 11.986955 12.154575
12.27128 12.35832 12.42666 12.474685 12.505795
12.52917 12.54685 12.555945 12.558495 12.557475
12.55093 12.536735 12.516675 12.49194 12.46151
12.4253 12.38348 12.33418 12.2757 12.20906
12.13511 12.05283 11.96341 11.867785 11.76332
11.64551 11.51359 11.3662 11.194925 10.98557
10.71867 10.362605 9.87173 9.210005 8.392305
7.508815 6.693325 6.047495 5.59011 5.280455
4.922605 4.799695 4.73586 4.711805 4.72345
4.77615 4.86931 5.00786 5.21458 5.514715
5.93181 6.51627 7.323515 8.314105 9.30954
10.110155 10.646845 10.98557 11.21354 11.37368
11.485455 11.568245 11.63208 11.676535 11.705265
11.72643 11.741985 11.75057 11.75414 11.754395
11.748785 11.735865 11.71793 11.696425 11.67016
11.63871 11.6025 11.56 11.50951 11.45103
11.38558 11.31401 11.236745 11.15319 11.06071
10.95701 10.840475 10.708385 10.554875 10.36966
10.136675 9.83195 9.4214 8.86652 8.154305
7.34043 6.55078 5.908605 5.45479 5.152955
4.954905 4.835055 4.77343 4.750905 4.763145
4.81525 4.906965 5.042965 5.2462 5.542085
5.954335 6.53344 7.335245 8.32048 9.311155
10.107605 10.64081 10.976645 11.20249 11.36127
11.47245 11.55524 11.619415 11.66472 11.69447
11.716485 11.732805 11.741815 11.745385 11.7453
11.73884 11.724815 11.705435 11.6824 11.654605
11.621795 11.584565 11.541555 11.491065 11.43318
11.369005 11.299135 11.223995 11.142905 11.052975
10.95157 10.83699 10.70626 10.55326 10.36745
10.132765 9.825235 9.41086 8.851135 8.133055
7.312635 6.51593 5.866445 5.405745 5.097535
4.894215 4.77003 4.7056 4.68163 4.693955
4.74776 4.842535 4.982615 5.19112 5.49287
5.91141 6.496805 7.30473 8.295745 9.29186
10.09307 10.630185 10.968825 11.196625 11.356425
11.46803 11.55065 11.6144 11.659025 11.68818
11.709855 11.72609 11.73544 11.739775 11.74071
11.735695 11.723285 11.70552 11.6841 11.65775
11.626045 11.589495 11.54674 11.49591 11.43726
11.37198 11.300665 11.223825 11.141035 11.04966
10.94698 10.831635 10.70065 10.548075 10.36354
10.130725 9.82583 9.414515 8.858445 8.144275
7.32768 6.534545 5.888375 5.43048 5.124735
4.75354 4.636665 4.57487 4.551325 4.5594
4.60326 4.684095 4.80522 4.984315 5.243225
5.60303 6.10385 6.789715 7.63045 8.481895
9.17796 9.655235 9.96268 10.1711 10.317555
10.41947 10.494185 10.551305 10.591255 10.61667
10.634435 10.647695 10.65594 10.659765 10.65968
10.654665 10.644465 10.630355 10.612675 10.590745
10.564905 10.53507 10.499455 10.45704 10.407825
10.352065 10.29061 10.224905 10.1541 10.07505
9.98563 9.8855 9.7716 9.638235 9.477925
9.279195 9.02343 8.68462 8.23157 7.644135
6.952405 6.255235 5.669075 5.247815 4.967485
4.782865 4.668455 4.60853 4.586175 4.59476
4.638195 4.71767 4.836585 5.01262 5.267875
5.62343 6.11949 6.800595 7.63657 8.483765
9.17609 9.650135 9.954775 10.16124 10.30625
10.407315 10.481775 10.539065 10.57944 10.60545
10.623895 10.637495 10.64591 10.649565 10.649055
10.64319 10.6318 10.61633 10.59712 10.573745
10.546715 10.515775 10.47965 10.43715 10.388445
10.33362 10.273695 10.20986 10.141265 10.064425
9.977215 9.87887 9.76633 9.633645 9.473165
9.27333 9.01544 8.673655 8.21678 7.624755
6.927755 6.22489 5.632865 5.205825 4.92031
4.731185 4.613205 4.550815 4.52727 4.53577
4.58048 4.66225 4.78448 4.964595 5.224355
5.58484 6.08583 6.771695 7.61209 8.463535
9.159515 9.63645 9.9433 10.151125 10.2969
10.398305 10.47268 10.52963 10.56958 10.595335
10.61361 10.627465 10.636475 10.641065 10.641745
10.63724 10.627465 10.613525 10.595845 10.57383
10.547735 10.517475 10.481435 10.43868 10.38921
10.333365 10.27208 10.206885 10.13676 10.05856
9.970415 9.871475 9.75885 9.62659 9.4673
9.26925 9.01357 8.67459 8.220945 7.632235
6.938635 6.238915 5.649695 5.22512 4.941645
4.55804 4.47372 4.413115 4.383025 4.391695
4.43343 4.495565 4.576145 4.69353 4.88019
5.17055 5.58756 6.13105 6.76532 7.41625
7.99187 8.421885 8.693545 8.85088 8.958405
9.05573 9.14243 9.20006 9.22386 9.231765
9.246045 9.270525 9.2905 9.291945 9.27758
9.26228 9.25565 9.252845 9.24477 9.231085
9.22114 9.22012 9.21859 9.19955 9.154755
9.092535 9.02683 8.96172 8.888365 8.797585
8.691845 8.581345 8.470845 8.352525 8.21321
8.04474 7.84091 7.58455 7.24489 6.799915
6.26858 5.72016 5.24365 4.898295 4.68435
4.558125 4.47372 4.413115 4.383025 4.39161
4.433345 4.49548 4.57606 4.69336 4.88002
5.17021 5.58705 6.130455 6.76464 7.415655
7.99136 8.421545 8.69329 8.850795 8.95832
9.055645 9.142345 9.20006 9.223775 9.231765
9.24596 9.270525 9.2905 9.291945 9.27758
9.26228 9.25565 9.252845 9.24477 9.231085
9.22114 9.22012 9.218675 9.19955 9.154755
9.09262 9.026915 8.961805 8.88845 8.797755
8.69193 8.58143 8.471015 8.35261 8.21338
8.04491 7.841165 7.584805 7.24523 6.800425
6.269175 5.72067 5.244075 4.89855 4.68452
4.55821 4.473805 4.4132 4.383025 4.39161
4.433345 4.495395 4.575975 4.69319 4.879765
5.16987 5.58654 6.12986 6.76396 7.41506
7.990765 8.421205 8.69312 8.850625 8.958235
9.055475 9.14226 9.199975 9.223775 9.231765
9.24596 9.270525 9.2905 9.291945 9.27758
9.26228 9.25565 9.252845 9.24477 9.231085
9.221225 9.22012 9.218675 9.19955 9.15484
9.09262 9.027 8.96189 8.888535 8.79784
8.6921 8.5816 8.4711 8.35278 8.213465
8.04508 7.84142 7.585145 7.245655 6.800935
6.26977 5.72118 5.2445 4.89889 4.68469
