0
24.13
0.0
2
180
40
 10.69258 10.69258 10.69258 10.69258 10.69258
10.69258 10.69258 10.69258 10.69258 10.69258
10.69258 10.69258 10.69258 10.69258 10.69258
10.69258 10.69258 10.69258 10.69258 10.69258
10.69258 10.69258 10.69258 10.69258 10.69258
10.69258 10.69258 10.69258 10.69258 10.69258
10.69258 10.69258 10.69258 10.69258 10.69258
10.69258 10.69258 10.69258 10.69258 10.69258
10.69258 10.69258 10.69258 10.69258 10.69258
10.69258 10.69258 10.69258 10.69258 10.69258
10.69258 10.69258 10.69258 10.69258 10.69258
10.69258 10.69258 10.69258 10.69258 10.69258
10.69258 10.69258 10.69258 10.69258 10.69258
10.69258 10.69258 10.69258 10.69258 10.69258
10.69258 10.69258 10.69258 10.69258 10.69258
10.69258 10.69258 10.69258 10.69258 10.69258
10.69258 10.69258 10.69258 10.69258 10.69258
10.69258 10.69258 10.69199 10.69199 10.69207
10.69207 10.69207 10.69207 10.69199 10.69199
10.69199 10.6919 10.6919 10.6919 10.6919
10.6919 10.6919 10.69199 10.69207 10.69216
10.69233 10.6925 10.69267 10.69284 10.69301
10.69318 10.69335 10.69352 10.69369 10.69377
10.69377 10.69386 10.69386 10.69377 10.69369
10.6936 10.69352 10.69335 10.69326 10.69309
10.69301 10.69258 10.69258 10.69258 10.69258
10.69258 10.69258 10.69258 10.69258 10.69258
10.69258 10.69258 10.69258 10.69258 10.69258
10.69258 10.69258 10.69258 10.69258 10.69258
10.69258 10.69258 10.69258 10.69258 10.69258
10.69258 10.69258 10.69258 10.69258 10.69258
10.69258 10.69258 10.69258 10.69258 10.69258
10.69258 10.69258 10.69258 10.69258 10.69258
10.69258 10.69258 10.69258 10.69258 10.69258
10.69258 10.69258 10.69258 10.69258 10.69258
10.69258 10.69258 10.69258 10.69258 10.69258
10.66678 10.66712 10.66814 10.66967 10.67086
10.67146 10.67265 10.67419 10.67521 10.67555
10.67657 10.67785 10.67844 10.67853 10.67921
10.68006 10.68015 10.67989 10.68015 10.68066
10.68023 10.67938 10.67913 10.67896 10.6781
10.67717 10.67674 10.67623 10.67495 10.6735
10.67265 10.6718 10.67035 10.66891 10.66805
10.66712 10.66575 10.66439 10.66362 10.66303
10.66184 10.66064 10.65996 10.65954 10.65894
10.65826 10.658 10.658 10.65783 10.65758
10.65775 10.65817 10.65834 10.65851 10.65928
10.66047 10.66115 10.66158 10.6626 10.66414
10.66507 10.66541 10.66644 10.66797 10.66916
10.66984 10.67095 10.67257 10.67359 10.67402
10.67504 10.67632 10.67691 10.67708 10.67776
10.6787 10.67878 10.67853 10.67887 10.67938
10.67896 10.67819 10.67793 10.67793 10.67708
10.67614 10.6758 10.67478 10.6735 10.67214
10.67138 10.67052 10.66916 10.66771 10.66695
10.66609 10.66465 10.66337 10.66269 10.66209
10.66107 10.65996 10.65937 10.65911 10.6586
10.65817 10.65817 10.65843 10.65843 10.65851
10.65894 10.65962 10.66005 10.66039 10.66124
10.6626 10.66337 10.6638 10.66482 10.66635
10.6672 10.66754 10.66848 10.66993 10.67103
10.67163 10.67231 10.67393 10.67495 10.67546
10.67649 10.67785 10.67844 10.67861 10.67938
10.68032 10.6804 10.68023 10.68057 10.681
10.68066 10.67989 10.67972 10.67964 10.67878
10.67793 10.67751 10.67708 10.6758 10.67444
10.67359 10.67282 10.67138 10.67001 10.66916
10.66831 10.66695 10.66567 10.6649 10.66431
10.66328 10.66209 10.66141 10.66107 10.66047
10.65979 10.65962 10.65962 10.65937 10.6592
10.65937 10.65979 10.66005 10.66013 10.6609
10.66209 10.66286 10.66328 10.66431 10.66584
10.58663 10.59413 10.60213 10.61031 10.61797
10.62572 10.63373 10.64165 10.64881 10.65562
10.66243 10.66882 10.67427 10.67878 10.68279
10.68577 10.68773 10.68918 10.6902 10.69003
10.68849 10.68637 10.68372 10.68032 10.6758
10.67061 10.6649 10.65826 10.6511 10.64387
10.63663 10.62905 10.62112 10.6132 10.60511
10.59685 10.58885 10.58144 10.57479 10.56823
10.56176 10.55597 10.55112 10.54694 10.54336
10.5403 10.53808 10.53647 10.53561 10.5357
10.53706 10.53911 10.54141 10.54447 10.54873
10.55359 10.55861 10.56415 10.57062 10.57777
10.58501 10.59242 10.60043 10.60852 10.61618
10.62377 10.63186 10.63969 10.64676 10.65349
10.6603 10.66669 10.67206 10.67666 10.68057
10.68355 10.68551 10.68688 10.6879 10.68773
10.68628 10.68415 10.6816 10.6781 10.67367
10.66848 10.66286 10.65562 10.64846 10.6414
10.63424 10.62675 10.61891 10.61099 10.60307
10.59489 10.58689 10.57956 10.573 10.56662
10.56023 10.55461 10.55001 10.54618 10.54277
10.54004 10.53817 10.53689 10.53638 10.53689
10.5386 10.54098 10.54362 10.54703 10.55163
10.55665 10.56185 10.56747 10.57411 10.58127
10.5885 10.59591 10.60392 10.61193 10.61959
10.62717 10.63484 10.64276 10.64991 10.65673
10.66362 10.67001 10.67546 10.68006 10.68407
10.68705 10.68901 10.69045 10.69148 10.6913
10.68977 10.68756 10.685 10.68151 10.677
10.6718 10.66601 10.65937 10.65221 10.64497
10.63773 10.63015 10.62223 10.61423 10.60613
10.59787 10.58978 10.58246 10.57573 10.56917
10.5627 10.55699 10.55214 10.54796 10.54439
10.54132 10.53911 10.53757 10.53672 10.53689
10.53825 10.5403 10.54268 10.54575 10.55009
10.55495 10.56006 10.56559 10.57215 10.57939
10.47438 10.4955 10.51773 10.54055 10.56329
10.58603 10.60929 10.63245 10.6546 10.67521
10.69488 10.71353 10.73031 10.74479 10.75723
10.76728 10.77435 10.7786 10.78082 10.78056
10.77716 10.7706 10.76183 10.75075 10.73721
10.72154 10.70434 10.68543 10.66465 10.64284
10.62112 10.59898 10.57581 10.55231 10.52957
10.50776 10.48639 10.46569 10.44636 10.42813
10.4111 10.39585 10.38282 10.37149 10.36127
10.35309 10.34756 10.34398 10.34194 10.34211
10.34492 10.34994 10.35633 10.36451 10.37524
10.38818 10.40249 10.41808 10.43554 10.45453
10.47463 10.4955 10.51764 10.54038 10.56295
10.58552 10.60869 10.63177 10.65366 10.67419
10.69369 10.71226 10.72895 10.74334 10.75561
10.76566 10.77256 10.77682 10.77886 10.77852
10.77503 10.76847 10.75961 10.74854 10.735
10.71924 10.70204 10.68236 10.66158 10.63978
10.61814 10.596 10.57292 10.54941 10.52676
10.50495 10.48358 10.46288 10.44355 10.4254
10.40846 10.39338 10.3806 10.36936 10.35948
10.35156 10.34628 10.34304 10.34143 10.34194
10.34517 10.35045 10.35718 10.3657 10.37669
10.3898 10.4042 10.41995 10.43741 10.45649
10.47659 10.49746 10.51943 10.54217 10.56466
10.58723 10.60988 10.63305 10.65511 10.67563
10.69522 10.71379 10.73048 10.74488 10.75731
10.76728 10.77426 10.77843 10.78048 10.78014
10.77665 10.77 10.76106 10.74999 10.73636
10.72052 10.70331 10.68432 10.66345 10.64148
10.61976 10.59753 10.57428 10.55069 10.52803
10.50615 10.48477 10.46399 10.44457 10.42634
10.40931 10.39406 10.38112 10.3697 10.35957
10.35148 10.34594 10.34236 10.34049 10.34066
10.34356 10.34867 10.35514 10.3634 10.3743
10.38725 10.40164 10.4174 10.43494 10.45411
10.34569 10.38449 10.426 10.46948 10.51373
10.55875 10.60487 10.65074 10.69533 10.73838
10.77981 10.81852 10.85322 10.88399 10.91093
10.93302 10.94887 10.95885 10.96345 10.96217
10.95441 10.94069 10.92202 10.89849 10.86967
10.83642 10.80027 10.76148 10.71988 10.67623
10.6319 10.58739 10.54246 10.4977 10.45456
10.41347 10.37374 10.33572 10.30017 10.26752
10.23734 10.2098 10.18593 10.16581 10.14858
10.13435 10.12403 10.11764 10.11448 10.11457
10.1184 10.12625 10.13725 10.15148 10.16973
10.19172 10.2167 10.24475 10.27621 10.31057
10.34697 10.38551 10.42686 10.47008 10.51407
10.55892 10.60478 10.65048 10.6949 10.7377
10.77896 10.8175 10.85202 10.88263 10.9094
10.93131 10.947 10.95689 10.96141 10.96004
10.95211 10.9383 10.91963 10.89602 10.8672
10.83395 10.79772 10.75816 10.71655 10.67299
10.62866 10.58415 10.53922 10.49455 10.45141
10.4104 10.37076 10.33274 10.29727 10.2647
10.23452 10.20715 10.18345 10.16359 10.14662
10.13273 10.12267 10.1167 10.11389 10.11431
10.11866 10.12684 10.1381 10.15268 10.17126
10.19343 10.21858 10.24663 10.27817 10.31262
10.34893 10.38747 10.42873 10.47187 10.51578
10.56054 10.60589 10.65176 10.69618 10.73906
10.78041 10.81894 10.85347 10.88408 10.91093
10.93276 10.94845 10.95834 10.96277 10.96141
10.95339 10.9395 10.92074 10.89704 10.86805
10.83472 10.79831 10.75935 10.71758 10.67384
10.62942 10.58475 10.53965 10.49481 10.45158
10.41032 10.37059 10.33248 10.29693 10.26419
10.23392 10.2063 10.18243 10.1624 10.14517
10.13102 10.12071 10.1144 10.11133 10.11141
10.11542 10.12335 10.13443 10.14884 10.16726
10.18951 10.21457 10.24279 10.27451 10.30903
10.18448 10.24296 10.30605 10.37289 10.44246
10.51416 10.5879 10.66276 10.73719 10.81008
10.88084 10.94785 11.00932 11.06448 11.11265
11.15229 11.18179 11.20106 11.21009 11.20839
11.19577 11.17275 11.14044 11.09892 11.04913
10.99278 10.93131 10.86524 10.79567 10.72414
10.65202 10.57972 10.50811 10.43862 10.37195
10.30759 10.24612 10.18874 10.13605 10.08746
10.0427 10.00263 9.96793 9.93783 9.91209
9.89137 9.87611 9.86571 9.85991 9.85906
9.86383 9.87372 9.88822 9.90765 9.93272
9.96307 9.99828 10.03818 10.08336 10.13349
10.18789 10.24646 10.30946 10.37639 10.44578
10.5174 10.59106 10.66574 10.74 10.81264
10.88323 10.9499 11.01111 11.06584 11.11359
11.1528 11.18188 11.20063 11.20924 11.20711
11.19398 11.17062 11.13771 11.09585 11.04564
10.98894 10.92713 10.85995 10.79013 10.71851
10.6463 10.57392 10.50222 10.43282 10.36624
10.30196 10.24066 10.18354 10.13111 10.08277
10.03844 9.99888 9.9646 9.93502 9.90987
9.88975 9.87509 9.86537 9.86008 9.85991
9.8652 9.8756 9.89052 9.9103 9.93553
9.96605 10.00126 10.04116 10.08626 10.13614
10.19027 10.2485 10.31108 10.37758 10.44664
10.51791 10.59072 10.66532 10.73932 10.81187
10.8822 10.94879 11.00992 11.06456 11.11231
11.15152 11.18068 11.19952 11.20822 11.20617
11.19313 11.16985 11.13712 11.09534 11.0453
10.98869 10.92705 10.8608 10.79107 10.71945
10.64724 10.57486 10.50316 10.43376 10.36709
10.30281 10.24134 10.18414 10.13153 10.08302
10.03835 9.99854 9.96384 9.93391 9.90825
9.8877 9.87253 9.86221 9.85642 9.85565
9.86042 9.87031 9.88481 9.90424 9.92931
9.95966 9.99478 10.03468 10.07978 10.12991
9.99137 10.06862 10.15276 10.24313 10.33887
10.43947 10.54476 10.65304 10.76216 10.87112
10.97871 11.08204 11.17804 11.26525 11.34258
11.4072 11.45623 11.48922 11.50619 11.50601
11.48768 11.4529 11.40371 11.34062 11.26457
11.17855 11.08562 10.98681 10.8834 10.77819
10.67367 10.5706 10.46931 10.37153 10.27877
10.19104 10.10817 10.03119 9.96068 9.8964
9.83783 9.78565 9.74013 9.70074 9.66715
9.6397 9.6189 9.6044 9.59562 9.59298
9.59673 9.60696 9.62341 9.64618 9.67576
9.71225 9.75513 9.80475 9.86136 9.92513
9.99555 10.07271 10.15677 10.24714 10.3428
10.44348 10.54869 10.65687 10.76583 10.8747
10.98212 11.0852 11.18085 11.26773 11.34463
11.40874 11.45725 11.48965 11.5061 11.50525
11.48624 11.45085 11.40098 11.33738 11.26074
11.17429 11.08093 10.98093 10.87734 10.77205
10.66753 10.56446 10.46335 10.36581 10.27323
10.18576 10.10331 10.02667 9.95651 9.89256
9.83442 9.78267 9.73757 9.69869 9.66562
9.63867 9.61838 9.60432 9.59622 9.59409
9.59835 9.60909 9.62597 9.64916 9.67909
9.71575 9.75888 9.8085 9.86511 9.9288
9.99896 10.07586 10.15958 10.24961 10.34484
10.44502 10.5492 10.65705 10.76575 10.87428
10.98136 11.08417 11.17966 11.26628 11.34309
11.40712 11.45571 11.4882 11.50474 11.50405
11.48538 11.45017 11.40064 11.33721 11.26082
11.17463 11.08144 10.98246 10.87888 10.77342
10.66881 10.56565 10.46428 10.3665 10.27365
10.18593 10.10306 10.02607 9.95557 9.89129
9.8328 9.78054 9.7351 9.6958 9.6622
9.63484 9.61404 9.59954 9.59093 9.58829
9.59213 9.60236 9.6189 9.64166 9.67133
9.70782 9.75078 9.80032 9.85701 9.92078
9.78054 9.87304 9.97552 10.08763 10.20843
10.33725 10.47417 10.61757 10.76498 10.91452
11.06397 11.21018 11.34898 11.47694 11.59127
11.68829 11.76408 11.81685 11.84593 11.8501
11.82828 11.78156 11.71293 11.62503 11.51966
11.39979 11.26969 11.13311 10.99218 10.84955
10.70845 10.57119 10.43871 10.3121 10.19249
10.08055 9.9762 9.8802 9.79282 9.71336
9.64132 9.57704 9.52119 9.47311 9.43185
9.39757 9.37106 9.35179 9.33909 9.33321
9.33517 9.34454 9.36091 9.38444 9.41624
9.45648 9.5044 9.56058 9.62614 9.70091
9.78429 9.87679 9.97935 10.09155 10.21236
10.34126 10.4781 10.62158 10.7689 10.91827
11.06755 11.2135 11.35196 11.4795 11.59332
11.68974 11.76493 11.81694 11.84524 11.84865
11.82606 11.77849 11.70918 11.6206 11.51463
11.39416 11.26372 11.12578 10.98468 10.84196
10.70095 10.56386 10.43163 10.30528 10.1861
10.0745 9.97066 9.87509 9.78821 9.70927
9.63774 9.57397 9.51872 9.47123 9.43048
9.39681 9.37089 9.35222 9.34011 9.33491
9.33738 9.34727 9.36407 9.38802 9.42017
9.46058 9.50866 9.56493 9.6304 9.70492
9.78804 9.8802 9.98225 10.09402 10.21432
10.34271 10.47844 10.62149 10.76856 10.9175
11.06653 11.21223 11.35042 11.47788 11.59161
11.68803 11.76331 11.81558 11.84414 11.84789
11.82555 11.77832 11.70943 11.62111 11.51548
11.39527 11.265 11.12816 10.98707 10.84427
10.70308 10.56574 10.43325 10.30656 10.18695
10.07492 9.97066 9.87458 9.78719 9.70782
9.63578 9.57149 9.51574 9.46774 9.42656
9.39229 9.36586 9.34676 9.33414 9.32843
9.33048 9.34003 9.35648 9.3801 9.41207
9.45239 9.50039 9.55666 9.62222 9.6969
9.55412 9.65904 9.77683 9.90757 10.05066
10.20584 10.37319 10.55154 10.73798 10.93012
11.12525 11.31926 11.5063 11.68149 11.8405
11.97771 12.08758 12.16688 12.21414 12.2276
12.20571 12.14976 12.06339 11.95003 11.81282
11.65645 11.48696 11.30896 11.12627 10.94298
10.76327 10.58927 10.42234 10.26469 10.11786
9.9815 9.85511 9.73936 9.6346 9.53989
9.45447 9.37875 9.31291 9.25576 9.20637
9.16506 9.13252 9.10799 9.09088 9.08151
9.08057 9.08781 9.10263 9.12571 9.15799
9.19972 9.2504 9.31087 9.38233 9.46494
9.55846 9.66347 9.78135 9.91208 10.05526
10.21044 10.37788 10.55623 10.74266 10.93464
11.12959 11.32335 11.51004 11.68481 11.84323
11.97984 12.08894 12.16747 12.21397 12.22658
12.20384 12.14703 12.0599 11.94586 11.80788
11.65109 11.48109 11.30163 11.11877 10.93557
10.75586 10.58203 10.41544 10.25813 10.11172
9.97588 9.85 9.73468 9.63051 9.5364
9.45157 9.37645 9.31121 9.25474 9.20594
9.16523 9.13329 9.10953 9.093 9.08423
9.08389 9.09164 9.10689 9.13031 9.16293
9.20483 9.25559 9.31598 9.38727 9.46963
9.5628 9.66739 9.78476 9.91498 10.05755
10.21214 10.37839 10.5564 10.74249 10.93412
11.12891 11.32233 11.50885 11.68354 11.84195
11.97865 12.08792 12.16662 12.21346 12.22632
12.20392 12.14746 12.06067 11.94688 11.80925
11.65262 11.48279 11.30461 11.12167 10.9383
10.75842 10.58433 10.41731 10.25966 10.11283
9.97647 9.85008 9.73425 9.62949 9.53487
9.44936 9.37355 9.30772 9.25057 9.20117
9.15986 9.12724 9.1028 9.08568 9.0764
9.07554 9.08278 9.09769 9.12077 9.15322
9.19504 9.2458 9.30627 9.37773 9.46034
9.3302 9.44433 9.57439 9.72037 9.88219
10.06054 10.25583 10.46663 10.69079 10.92612
11.16936 11.41457 11.65449 11.88275 12.09235
12.27555 12.42554 12.53796 12.60967 12.63778
12.62134 12.56181 12.46233 12.32614 12.15802
11.96485 11.75406 11.53185 11.30419 11.07721
10.85568 10.64225 10.43912 10.24834 10.07152
9.90885 9.75972 9.62412 9.50199 9.39212
9.29358 9.20637 9.13005 9.06371 9.00647
8.95861 8.92019 8.89039 8.86833 8.8547
8.85019 8.85427 8.86645 8.88775 8.919
8.96031 9.0115 9.07359 9.14802 9.23507
9.33489 9.4491 9.57924 9.72531 9.88713
10.06548 10.26086 10.47165 10.69573 10.93089
11.17396 11.41883 11.65841 11.88624 12.09525
12.27777 12.42698 12.53864 12.6095 12.63676
12.61938 12.559 12.45858 12.32163 12.15274
11.95906 11.74775 11.52401 11.29627 11.0692
10.84776 10.63458 10.43179 10.24144 10.06522
9.90306 9.75461 9.6197 9.49824 9.38906
9.2912 9.20466 9.12903 9.06337 9.00681
8.95954 8.92181 8.8926 8.87122 8.85819
8.85427 8.85887 8.87156 8.89311 8.92471
8.96619 9.01737 9.07938 9.15365 9.24043
9.33991 9.45361 9.58316 9.72863 9.88986
10.06743 10.26145 10.47182 10.69548 10.93021
11.17294 11.41755 11.65696 11.88462 12.09363
12.27632 12.42579 12.53771 12.60899 12.63667
12.61981 12.55993 12.45995 12.32342 12.15495
11.96145 11.75031 11.52767 11.29976 11.07244
10.85066 10.63705 10.43375 10.2428 10.0659
9.90314 9.75392 9.61833 9.4962 9.38642
9.28796 9.20074 9.1246 9.05834 9.00128
8.95341 8.91508 8.88536 8.86347 8.84984
8.84542 8.8495 8.86177 8.88298 8.91432
8.95563 9.00673 9.06873 9.14317 9.23013
9.09735 9.21701 9.35516 9.51247 9.68885
9.88628 10.10619 10.3473 10.60699 10.88353
11.17396 11.47112 11.76564 12.04917 12.31303
12.54724 12.74228 12.89269 12.99464 13.04447
13.04004 12.98289 12.87668 12.72465 12.53123
12.3046 12.05445 11.78898 11.5149 11.2404
10.97305 10.71762 10.47548 10.24927 10.04146
9.8517 9.67838 9.52124 9.38071 9.25542
9.14308 9.0431 8.95614 8.88102 8.81569
8.76008 8.71494 8.67933 8.65182 8.633
8.62414 8.62465 8.63334 8.65131 8.68044
8.72047 8.77055 8.83221 8.90785 8.99778
9.10169 9.22153 9.35984 9.51732 9.69388
9.89139 10.11138 10.35258 10.61227 10.88864
11.1789 11.47581 11.7699 12.05283 12.31609
12.54954 12.74382 12.89329 12.99422 13.04319
13.03774 12.97965 12.87251 12.71971 12.52553
12.29821 12.04764 11.78054 11.5063 11.23179
10.96462 10.70945 10.46773 10.24203 10.03473
9.84557 9.67293 9.51647 9.37662 9.2521
9.14044 9.04122 8.95503 8.88068 8.81612
8.76118 8.71672 8.68189 8.65515 8.637
8.62866 8.62968 8.63879 8.65719 8.68649
8.72669 8.77668 8.83818 8.91355 9.00315
9.10655 9.22578 9.3635 9.5203 9.69618
9.89309 10.11172 10.3525 10.61184 10.88805
11.17805 11.47487 11.76896 12.05198 12.31541
12.5492 12.7439 12.89372 12.99524 13.04472
13.03987 12.98229 12.87566 12.72329 12.52944
12.30238 12.05198 11.78617 11.51175 11.23699
10.96947 10.7137 10.4714 10.24501 10.03703
9.8471 9.67369 9.51647 9.37585 9.25048
9.13814 9.03816 8.9512 8.87608 8.81084
8.75522 8.71008 8.67456 8.64722 8.62849
8.61972 8.62031 8.62908 8.64714 8.67627
8.7163 8.76629 8.82787 8.90342 8.99327
8.86517 8.9879 9.13074 9.29545 9.48325
9.69584 9.93508 10.20132 10.49337 10.80901
11.14449 11.49233 11.84272 12.18425 12.505
12.79236 13.0351 13.22588 13.36053 13.43625
13.4509 13.40499 13.30117 13.14258 12.93358
12.68164 12.39675 12.08911 11.76854 11.44557
11.12993 10.82834 10.54422 10.28002 10.0378
9.81772 9.61833 9.43862 9.27799 9.13525
9.00818 8.89584 8.79798 8.71315 8.63956
8.57636 8.5239 8.48191 8.44912 8.42527
8.4113 8.40739 8.41309 8.42842 8.45431
8.49128 8.5394 8.59987 8.67439 8.76391
8.86909 8.99191 9.13491 9.29988 9.48785
9.70061 9.94002 10.20643 10.49857 10.81421
11.14952 11.49718 11.84723 12.18825 12.50849
12.79517 13.03706 13.2269 13.3607 13.4354
13.44902 13.4021 13.29725 13.13781 12.92804
12.67543 12.38994 12.0806 11.75985 11.43688
11.12141 10.82008 10.53638 10.27261 10.0309
9.81141 9.61263 9.43351 9.27365 9.1315
9.00511 8.89345 8.79627 8.71212 8.63922
8.57679 8.52509 8.48378 8.45176 8.42859
8.41531 8.41207 8.41829 8.43413 8.46045
8.49758 8.54587 8.60626 8.68061 8.7697
8.87446 8.99668 9.139 9.3032 9.49049
9.70248 9.94028 10.20626 10.49797 10.81327
11.14841 11.49591 11.84595 12.18706 12.50747
12.79449 13.03689 13.22733 13.36173 13.4371
13.45141 13.40516 13.301 13.14207 12.93281
12.68045 12.39522 12.08724 11.76632 11.44302
11.12712 10.82519 10.54072 10.27627 10.03379
9.81346 9.6139 9.43394 9.27331 9.13039
9.00324 8.89081 8.79287 8.70812 8.63445
8.57134 8.51896 8.47706 8.44435 8.42059
8.40679 8.40296 8.40875 8.42425 8.45031
8.48736 8.53548 8.59595 8.67048 8.75982
8.63624 8.75939 8.90418 9.07325 9.26828
9.49143 9.74583 10.03311 10.35301 10.70382
11.08206 11.48015 11.88556 12.28373 12.65984
12.99916 13.28865 13.51989 13.68912 13.79379
13.8322 13.80486 13.7139 13.56085 13.34801
13.08169 12.77201 12.42997 12.06714 11.69691
11.33212 10.98165 10.65059 10.34322 10.06267
9.80886 9.57992 9.37492 9.19308 9.03202
8.88911 8.76314 8.65344 8.55814 8.47535
8.40441 8.34521 8.29684 8.25834 8.22981
8.21158 8.20332 8.2046 8.21601 8.23849
8.27214 8.31711 8.3746 8.44673 8.5348
8.63956 8.76297 8.90802 9.07742 9.27271
9.4962 9.75077 10.03822 10.35821 10.70894
11.08709 11.48492 11.88999 12.28773 12.66333
13.00197 13.29069 13.52099 13.68929 13.79294
13.83042 13.80214 13.71007 13.55617 13.34256
13.07555 12.76528 12.42119 12.05811 11.68779
11.3231 10.97271 10.64191 10.33487 10.05483
9.80145 9.57311 9.3687 9.18754 9.02717
8.88493 8.75973 8.6508 8.55626 8.47433
8.40423 8.34598 8.29854 8.26081 8.23313
8.21567 8.20817 8.21005 8.22197 8.2448
8.27861 8.32366 8.38098 8.45287 8.54042
8.64458 8.76731 8.91159 9.08014 9.27459
9.49722 9.75001 10.03703 10.35667 10.70706
11.08496 11.4827 11.88786 12.28577 12.66171
13.00086 13.29018 13.52125 13.6904 13.79498
13.8334 13.80589 13.71475 13.56162 13.34861
13.08211 12.77218 12.42979 12.06663 11.69597
11.33076 10.97986 10.64829 10.34049 10.05951
9.80528 9.57592 9.37066 9.18865 9.02734
8.88434 8.75829 8.64867 8.55345 8.47075
8.39998 8.34095 8.29283 8.25459 8.22631
8.20826 8.20025 8.2017 8.2132 8.23577
8.26941 8.3143 8.3717 8.44367 8.53148
8.41607 8.53744 8.6818 8.85163 9.04965
9.27919 9.54449 9.84821 10.19119 10.57309
10.99025 11.43441 11.89195 12.34616 12.77806
13.16864 13.50319 13.77318 13.9752 14.10815
14.17212 14.16837 14.0981 13.96124 13.75819
13.49297 13.17256 12.80693 12.40927 11.99534
11.58091 11.17839 10.79683 10.44244 10.11888
9.82691 9.5651 9.33225 9.12665 8.94549
8.78597 8.64586 8.52398 8.41829 8.32665
8.24795 8.18194 8.12786 8.08459 8.05146
8.02855 8.01569 8.01245 8.01927 8.03732
8.06705 8.10852 8.16286 8.2316 8.31617
8.41795 8.53966 8.68427 8.85453 9.0528
9.28276 9.54841 9.8523 10.19545 10.57735
10.99451 11.4385 11.89578 12.34956 12.78087
13.17094 13.50464 13.77378 13.97495 14.10688
14.16982 14.16513 14.09393 13.95613 13.7524
13.4865 13.16558 12.79798 12.40016 11.98614
11.57179 11.16953 10.78823 10.43418 10.11113
9.81968 9.55846 9.3262 9.1212 8.94072
8.78179 8.64246 8.52134 8.41641 8.32562
8.24778 8.18271 8.12956 8.08715 8.05487
8.03289 8.0208 8.01816 8.02557 8.04405
8.07403 8.11559 8.16976 8.23824 8.3223
8.42357 8.54451 8.68828 8.85768 9.0551
9.28421 9.54781 9.85127 10.19408 10.57564
10.99255 11.43637 11.89365 12.34761 12.77933
13.16984 13.50421 13.77412 13.97614 14.10901
14.17288 14.16914 14.09887 13.96192 13.75887
13.49357 13.17307 12.80735 12.40944 11.99526
11.58048 11.17771 10.79572 10.44091 10.117
9.82453 9.56246 9.32918 9.12324 8.94191
8.78213 8.64194 8.52007 8.41437 8.32281
8.24429 8.17845 8.12462 8.08161 8.04874
8.02608 8.01347 8.01049 8.01756 8.03579
8.0656 8.10708 8.16133 8.22989 8.31421
8.20136 8.31906 8.46045 8.62891 8.82727
9.06004 9.33233 9.64806 10.0096 10.41808
10.87093 11.35887 11.86648 12.37375 12.85803
13.29691 13.67268 13.97699 14.20814 14.36707
14.45539 14.476 14.43103 14.31946 14.13941
13.89097 13.57789 13.20663 12.78819 12.33926
11.87917 11.42504 10.98974 10.58288 10.21086
9.87623 9.57779 9.31325 9.08048 8.87684
8.69884 8.54349 8.40875 8.29232 8.19157
8.10503 8.0323 7.97217 7.92328 7.88487
7.85727 7.84041 7.83343 7.83624 7.84995
7.8749 7.91127 7.96041 8.02446 8.10495
8.20298 8.32102 8.46283 8.63155 8.83034
9.06345 9.33608 9.65206 10.01378 10.42242
10.87519 11.36304 11.8704 12.37733 12.86127
13.29947 13.67464 13.97819 14.20849 14.36648
14.45386 14.47362 14.42763 14.31512 14.1343
13.88518 13.5715 13.19794 12.77925 12.33015
11.87006 11.41602 10.98088 10.57428 10.2026
9.86839 9.57038 9.30636 9.07427 8.87122
8.6939 8.53931 8.40543 8.28977 8.18995
8.10435 8.03264 7.97353 7.92566 7.88819
7.86162 7.8456 7.8393 7.84279 7.85693
7.88223 7.91877 7.96774 8.03153 8.11151
8.20885 8.32613 8.46701 8.63488 8.83273
9.0649 9.33531 9.65078 10.01207 10.42029
10.87272 11.36049 11.86784 12.37495 12.85914
13.29793 13.67379 13.97827 14.20959 14.3686
14.4571 14.47788 14.43299 14.32159 14.14154
13.89319 13.58002 13.20859 12.78998 12.34062
11.88011 11.42547 10.98966 10.5822 10.20967
9.87444 9.57549 9.31044 9.07733 8.87344
8.69518 8.53974 8.405 8.28857 8.18799
8.10171 8.02915 7.96936 7.92081 7.88274
7.85548 7.83888 7.83206 7.83513 7.84893
7.87397 7.91033 7.95939 8.02318 8.10341
7.99014 8.10239 8.2396 8.40483 8.60123
8.83409 9.11038 9.43479 9.81065 10.24067
10.72393 11.25189 11.80712 12.366 12.90096
13.38472 13.79754 14.13124 14.38615 14.56526
14.67385 14.71746 14.69949 14.61832 14.47013
14.25209 13.96285 13.60369 13.18185 12.71273
12.21696 11.71505 11.22532 10.76293 10.3381
9.95518 9.61425 9.31402 9.05187 8.82361
8.62474 8.4521 8.3039 8.17675 8.06713
7.97242 7.89236 7.82585 7.771 7.72705
7.69451 7.67314 7.66147 7.65942 7.66811
7.68796 7.71879 7.76222 7.82082 7.89586
7.98843 8.10129 8.23918 8.40517 8.60226
8.83588 9.11276 9.43777 9.81405 10.24433
10.72776 11.25573 11.81086 12.36949 12.90402
13.38736 13.79958 14.1326 14.38666 14.56501
14.67258 14.71542 14.69651 14.61449 14.46561
14.24681 13.95706 13.5956 13.17341 12.7043
12.20844 11.70653 11.21697 10.75493 10.33035
9.94777 9.60726 9.30746 9.04582 8.81833
8.62014 8.44827 8.30092 8.17487 8.06628
7.97276 7.8939 7.82857 7.775 7.73233
7.70099 7.68063 7.66998 7.66871 7.67799
7.69818 7.72918 7.77261 7.83079 7.90539
7.99721 8.10929 8.24616 8.41105 8.60702
8.83962 9.11396 9.43828 9.81397 10.24374
10.72674 11.25436 11.80933 12.36796 12.90266
13.38642 13.79924 14.13311 14.38811 14.56748
14.67624 14.72019 14.70256 14.62164 14.4737
14.25592 13.96694 13.60795 13.1861 12.71682
12.22079 11.71846 11.22822 10.76523 10.33981
9.9562 9.61467 9.31377 9.0511 8.82242
8.62321 8.4504 8.30212 8.17513 8.06568
7.9714 7.89177 7.82576 7.77142 7.72816
7.69613 7.67526 7.66411 7.6624 7.67126
7.69111 7.72194 7.7652 7.82329 7.8979
7.80827 7.9152 8.04731 8.20775 8.40053
8.63197 8.90924 9.23874 9.62618 10.07584
10.58805 11.15479 11.75729 12.36705 12.9506
13.47681 13.92399 14.28361 14.55789 14.75435
14.88091 14.94414 14.94867 14.89507 14.78012
14.59894 14.34659 14.01923 13.61668 13.14748
12.62964 12.0867 11.54283 11.02012 10.53582
10.09888 9.71101 9.3705 9.07454 8.81844
8.59681 8.40556 8.24145 8.10098 7.98066
7.87842 7.79248 7.72011 7.65901 7.60917
7.57094 7.54337 7.52579 7.5188 7.52298
7.538 7.56343 7.60123 7.65346 7.72165
7.80767 7.9152 8.04782 8.20885 8.40224
8.63427 8.91197 9.2419 9.62959 10.07951
10.59172 11.15838 11.76079 12.3702 12.95342
13.47928 13.92595 14.28498 14.55858 14.75426
14.88005 14.94252 14.94628 14.89192 14.77628
14.59451 14.34164 14.01163 13.60891 13.13954
12.62162 12.0786 11.53464 11.01202 10.5278
10.09094 9.70324 9.36308 9.06738 8.81178
8.59067 8.40002 8.23676 8.09714 7.97775
7.87654 7.7918 7.72062 7.66072 7.61207
7.57495 7.54841 7.53177 7.52554 7.53023
7.54551 7.57111 7.60874 7.66072 7.72831
7.81373 7.92032 8.05209 8.2121 8.40445
8.63547 8.91052 9.24002 9.62729 10.07678
10.58865 11.15505 11.75738 12.36696 12.95035
13.47664 13.9239 14.2837 14.55824 14.75512
14.88202 14.94568 14.95063 14.89755 14.78311
14.60236 14.35043 14.02341 13.62103 13.15192
12.63399 12.0908 11.5465 11.02328 10.5383
10.10067 9.71203 9.37093 9.07429 8.81758
8.59553 8.40394 8.23975 8.09919 7.97895
7.87688 7.79129 7.71926 7.65867 7.60934
7.57154 7.5444 7.52716 7.52042 7.52485
7.53987 7.56522 7.60286 7.65474 7.7225
7.6218 7.72165 7.8465 8.00037 8.18803
8.41563 8.69094 9.02206 9.41684 9.88135
10.41711 11.01714 11.66197 12.3196 12.94983
13.51504 13.9909 14.37015 14.65808 14.86503
15.00235 15.07983 15.10407 15.07634 14.99398
14.85232 14.64451 14.36178 13.9973 13.55148
13.03543 12.47048 11.88479 11.30781 10.76428
10.26939 9.82938 9.44432 9.11107 8.8245
8.57838 8.36725 8.18675 8.03305 7.9024
7.79137 7.69699 7.61685 7.54935 7.49353
7.44907 7.41545 7.39224 7.37935 7.37696
7.38532 7.40453 7.43567 7.48082 7.54184
7.62103 7.72148 7.84701 8.00156 8.18982
8.41811 8.69393 9.02547 9.4206 9.88527
10.42121 11.02115 11.66581 12.3231 12.95291
13.51769 13.99303 14.37168 14.65894 14.8652
15.00175 15.07855 15.10202 15.0736 14.99057
14.84839 14.64008 14.35461 13.98987 13.54388
13.02783 12.4628 11.87694 11.29987 10.75617
10.2612 9.82118 9.43613 9.10305 8.81673
8.57087 8.36025 8.18044 8.02759 7.89796
7.78804 7.69494 7.61625 7.55003 7.49575
7.45266 7.42031 7.3983 7.38635 7.38464
7.39343 7.4128 7.44404 7.48876 7.54926
7.6276 7.72711 7.85162 8.00498 8.19221
8.4193 8.69222 9.02342 9.41804 9.88237
10.41797 11.01765 11.66231 12.31977 12.94992
13.5153 13.99132 14.37083 14.65902 14.8664
15.00414 15.08214 15.10689 15.07966 14.99782
14.85676 14.64938 14.36707 14.00284 13.5572
13.04123 12.47611 11.89 11.31241 10.7682
10.27255 9.83168 9.44586 9.11184 8.8245
8.57778 8.36614 8.1853 8.03143 7.90078
7.78984 7.69571 7.616 7.54884 7.49353
7.44958 7.41639 7.3936 7.38106 7.37892
7.38737 7.40649 7.43755 7.48227 7.54286
7.44574 7.53706 7.65312 7.79871 7.9792
8.20117 8.47298 8.80367 9.20247 9.67747
10.23278 10.86276 11.54684 12.24902 12.92338
13.52571 14.02751 14.4222 14.71868 14.93151
15.07463 15.16074 15.19905 15.19248 15.13889
15.03426 14.87118 14.6382 14.32312 13.91921
13.42902 12.86637 12.25747 11.63713 11.03907
10.48649 9.99127 9.55706 9.18233 8.86153
8.58751 8.35419 8.15611 7.98757 7.84351
7.7208 7.61702 7.52887 7.45394 7.39121
7.34043 7.3005 7.2702 7.24989 7.2405
7.24229 7.25535 7.28027 7.31901 7.37329
7.44506 7.53714 7.65397 7.80042 7.98168
8.20433 8.47674 8.80794 9.20708 9.68225
10.23764 10.86745 11.5512 12.25303 12.92696
13.52869 14.02998 14.42391 14.7197 14.93177
15.07412 15.15963 15.19718 15.18984 15.13573
15.03059 14.86708 14.63112 14.31587 13.91187
13.42159 12.85886 12.24979 11.62928 11.03105
10.4783 9.9829 9.54861 9.17396 8.85326
8.57966 8.34685 8.14946 7.98185 7.83899
7.71764 7.61523 7.52878 7.45547 7.39437
7.34513 7.30664 7.27762 7.25834 7.24972
7.25194 7.26508 7.28983 7.32798 7.38157
7.45223 7.5432 7.65875 7.80383 7.98381
8.20518 8.47418 8.80495 9.20366 9.67849
10.23355 10.86318 11.54693 12.24902 12.92329
13.52562 14.02768 14.42255 14.71936 14.93262
15.07625 15.16296 15.20196 15.19598 15.14316
15.03921 14.87672 14.64434 14.32978 13.92621
13.43619 12.87354 12.2643 11.64345 11.0447
10.49144 9.99528 9.56013 9.18463 8.8629
8.58819 8.35427 8.15577 7.98697 7.84283
7.7202 7.61659 7.52887 7.45436 7.39207
7.3418 7.30237 7.2725 7.25245 7.24323
7.24502 7.25791 7.28257 7.32081 7.37449
7.27609 7.35904 7.46691 7.60371 7.77482
7.98817 8.25357 8.58128 8.98169 9.46514
10.0382 10.69643 11.41875 12.16479 12.88113
13.51615 14.03834 14.44303 14.74368 14.95857
15.10458 15.19624 15.2442 15.2529 15.22184
15.14802 15.02496 14.84122 14.58264 14.2365
13.79547 13.26269 12.6566 12.01186 11.36882
10.76095 10.20854 9.72108 9.30001 8.94047
8.63479 8.37552 8.15646 7.97101 7.81288
7.67753 7.56206 7.46358 7.37935 7.30826
7.24972 7.20227 7.16446 7.13656 7.11932
7.11309 7.1177 7.13468 7.16574 7.21217
7.27566 7.35947 7.46827 7.6061 7.77806
7.99218 8.25818 8.5864 8.98707 9.47061
10.04349 10.70147 11.42327 12.16889 12.88446
13.51888 14.04039 14.44439 14.74428 14.95848
15.10381 15.19479 15.24224 15.25043 15.21911
15.14495 15.02155 14.83474 14.57607 14.22993
13.7889 13.25586 12.64952 12.00444 11.36097
10.7525 10.19967 9.71178 9.29037 8.93075
8.62514 8.36622 8.14784 7.96333 7.80639
7.67249 7.55882 7.46213 7.37986 7.31074
7.25407 7.20833 7.17197 7.14509 7.12871
7.12282 7.12743 7.14398 7.17419 7.21959
7.28181 7.36416 7.47135 7.60763 7.77814
7.9909 8.25315 8.58111 8.98161 9.46497
10.03786 10.69592 11.41807 12.16402 12.88028
13.51538 14.03783 14.44286 14.74385 14.95916
15.10578 15.19803 15.24667 15.25623 15.22611
15.15314 15.03093 14.84805 14.59024 14.24478
13.80434 13.27182 12.66582 12.02082 11.37736
10.76871 10.21554 9.72714 9.30505 8.94466
8.63811 8.37808 8.15833 7.97246 7.81399
7.67855 7.56317 7.46478 7.38089 7.31014
7.25202 7.20491 7.16745 7.13972 7.12265
7.11625 7.12068 7.13715 7.16762 7.21336
7.1124 7.18563 7.28333 7.41002 7.57116
7.77526 8.03332 8.3561 8.75526 9.24352
9.8305 10.51382 11.27139 12.05847 12.81374
13.47847 14.01797 14.42924 14.72976 14.94205
15.08647 15.17948 15.23277 15.25203 15.23822
15.18988 15.10181 14.96362 14.76148 14.47979
14.10408 13.62639 13.0539 12.41338 11.74567
11.09244 10.48568 9.94346 9.47192 9.0684
8.72585 8.43607 8.19156 7.98481 7.80885
7.6582 7.52912 7.41838 7.32323 7.24182
7.17353 7.117 7.07062 7.0343 7.00881
6.99415 6.99006 6.99807 7.02041 7.05826
7.11274 7.18691 7.28564 7.41326 7.57533
7.78029 8.03895 8.36215 8.76157 9.24991
9.83672 10.51978 11.27685 12.06333 12.81792
13.48197 14.02078 14.4312 14.73096 14.94256
15.08621 15.17854 15.2314 15.25007 15.23592
15.18724 15.09892 14.95731 14.75508 14.47332
14.0976 13.61974 13.04691 12.40597 11.73765
11.08383 10.47639 9.93357 9.4616 9.05783
8.71528 8.42584 8.18192 7.97612 7.80151
7.65249 7.52529 7.41667 7.32358 7.24437
7.17804 7.12331 7.07855 7.04334 7.01853
7.00404 6.99986 7.00711 7.02842 7.06491
7.11785 7.19032 7.28726 7.41309 7.57354
7.77713 8.03162 8.35482 8.75424 9.24267
9.82982 10.51322 11.2708 12.05787 12.81331
13.47822 14.01805 14.42958 14.73036 14.94298
15.08775 15.18127 15.23524 15.2551 15.24206
15.19457 15.10736 14.9701 14.76881 14.48798
14.11303 13.63603 13.06388 12.42353 11.75564
11.10208 10.49463 9.95173 9.47933 9.07497
8.73156 8.44093 8.19565 7.98831 7.81183
7.66084 7.53151 7.42068 7.32554 7.24429
7.17608 7.11973 7.07352 7.0372 7.01163
6.99679 6.99236 6.99986 7.0216 7.0586
6.96499 7.02817 7.11513 7.23056 7.38155
7.5767 7.82666 8.14322 8.54025 9.03234
9.6304 10.33512 11.12637 11.95471 12.74852
13.44071 13.99452 14.4098 14.70811 14.91604
15.05663 15.14819 15.20293 15.22757 15.22535
15.19619 15.136 15.03625 14.88527 14.66812
14.36683 13.9652 13.4569 12.85458 12.19138
11.5119 10.85859 10.2607 9.73263 9.27702
8.88962 8.56242 8.28627 8.05268 7.85412
7.68463 7.53944 7.41429 7.3061 7.21274
7.13269 7.06466 7.00736 6.96064 6.9245
6.89909 6.88494 6.88315 6.89525 6.92254
6.96678 7.03098 7.11888 7.23542 7.38726
7.58326 7.83374 8.15072 8.54801 9.03993
9.63765 10.34194 11.13251 11.96 12.75304
13.44437 13.99734 14.41176 14.70939 14.91647
15.05646 15.14751 15.2019 15.22629 15.22381
15.19457 15.13421 15.03088 14.87998 14.66275
14.36138 13.95957 13.45077 12.84776 12.18362
11.5032 10.84887 10.25004 9.72112 9.265
8.87743 8.55039 8.27485 8.04236 7.84534
7.67781 7.53484 7.41224 7.30669 7.2159
7.13832 7.07241 7.01683 6.9713 6.93584
6.91043 6.89568 6.89287 6.90335 6.92867
6.9707 7.03243 7.11803 7.23235 7.38215
7.57653 7.82223 8.13929 8.53684 9.02936
9.62776 10.33291 11.1245 11.95318 12.7475
13.44019 13.99452 14.41031 14.70913 14.91741
15.05851 15.15058 15.20591 15.23132 15.22987
15.20156 15.14223 15.0435 14.89345 14.67725
14.37689 13.97602 13.46833 12.86643 12.20323
11.52358 10.86976 10.27118 9.74226 9.28572
8.8973 8.56907 8.29199 8.05745 7.85821
7.68813 7.54242 7.41693 7.30848 7.21505
7.13499 7.06687 7.00958 6.96278 6.92646
6.9008 6.88613 6.88374 6.89517 6.9216
6.8262 6.87744 6.9522 7.05587 7.19544
7.3801 7.6206 7.93042 8.32472 8.8192
9.42699 10.15174 10.97471 11.84218 12.67324
13.39134 13.95658 14.37203 14.66471 14.86506
14.99883 15.08587 15.13958 15.16738 15.17309
15.158 15.11938 15.051 14.9435 14.78381
14.55465 14.23648 13.81404 13.28409 12.66386
11.99035 11.31035 10.66523 10.08106 9.56877
9.12876 8.75543 8.44016 8.17357 7.94687
7.7536 7.58812 7.44575 7.32187 7.21343
7.11888 7.03695 6.96627 6.906 6.85655
6.81852 6.79278 6.7799 6.78093 6.79695
6.82969 6.88204 6.95792 7.06269 7.20328
7.38871 7.62981 7.93997 8.33427 8.8285
9.43568 10.15967 10.98153 11.84797 12.67802
13.39501 13.95923 14.37374 14.66548 14.86506
14.99823 15.08485 15.13822 15.16584 15.17155
15.15646 15.11793 15.04572 14.9383 14.7787
14.54936 14.23085 13.80773 13.27702 12.65559
11.98089 11.29961 10.65329 10.0681 9.55504
9.1147 8.74162 8.42712 8.1618 7.93707
7.7461 7.58343 7.44404 7.32323 7.21794
7.12621 7.04667 6.97787 6.91878 6.86976
6.83157 6.8048 6.79022 6.78894 6.80216
6.83191 6.88119 6.95408 7.05604 7.19416
7.37771 7.6131 7.92351 8.31842 8.81358
9.42196 10.14739 10.97087 11.83902 12.67085
13.38972 13.95565 14.37169 14.66488 14.86574
14.99994 15.08749 15.14171 15.17019 15.17675
15.16252 15.12483 15.05757 14.95108 14.79251
14.56437 14.24722 13.82563 13.29637 12.67648
12.00297 11.3228 10.67717 10.09223 9.579
9.13806 8.7637 8.44741 8.17979 7.95233
7.7582 7.59213 7.44924 7.32494 7.21624
7.12152 7.03933 6.9684 6.90787 6.85808
6.81963 6.7932 6.77956 6.77956 6.79448
6.68322 6.72108 6.78323 6.87479 7.00276
7.17702 7.40943 7.71302 8.10315 8.5978
9.21351 9.95702 10.80965 11.71387 12.57997
13.32195 13.89571 14.30775 14.59182 14.78322
14.90897 14.98996 15.04077 15.06959 15.0799
15.07385 15.05109 15.00735 14.93472 14.82286
14.65815 14.42216 14.09478 13.66211 13.12424
12.50068 11.82939 11.15715 10.52447 9.95514
9.45674 9.02842 8.66489 8.35772 8.09675
7.87364 7.68216 7.51651 7.37157 7.24386
7.13141 7.03166 6.94274 6.86507 6.79968
6.74665 6.70565 6.67837 6.666 6.66916
6.6886 6.7279 6.79141 6.88417 7.01316
7.18819 7.42102 7.72461 8.11457 8.60854
9.22331 9.96554 10.8169 11.71958 12.58415
13.32467 13.89708 14.30784 14.59088 14.78134
14.9065 14.98698 15.03762 15.06635 15.07675
15.07095 15.04845 15.0007 14.92841 14.81672
14.65184 14.41543 14.08737 13.65376 13.11461
12.48969 11.81694 11.14334 10.50947 9.93928
9.44071 9.01273 8.65031 8.34476 8.08618
7.86597 7.67789 7.51591 7.37464 7.25051
7.1413 7.04428 6.95723 6.88068 6.81554
6.76166 6.71903 6.68919 6.67376 6.67325
6.68877 6.72406 6.78383 6.87317 6.99935
7.17233 7.3986 7.70305 8.09419 8.58978
9.20652 9.95096 10.80462 11.70969 12.57673
13.31964 13.89418 14.3069 14.59148 14.78322
14.90922 14.99056 15.0418 15.07104 15.08204
15.07684 15.0551 15.01247 14.94102 14.83045
14.66701 14.43222 14.10612 13.67439 13.13737
12.51433 11.8432 11.17071 10.5376 9.9675
9.46834 9.03899 8.67453 8.36624 8.10434
7.88029 7.68813 7.52179 7.37618 7.24795
7.13508 7.03482 6.94547 6.8672 6.80113
6.74725 6.70531 6.67683 6.66336 6.66507
6.54119 6.56481 6.61366 6.69286 6.80966
6.97386 7.19723 7.4934 7.87918 8.37349
8.9944 9.75215 10.63121 11.57064 12.4705
13.23388 13.81344 14.22019 14.49471 14.67597
14.79302 14.8677 14.91502 14.94298 14.95569
14.95594 14.94401 14.9169 14.86958 14.79515
14.68279 14.51662 14.27859 13.95079 13.52068
12.98826 12.37408 11.71685 11.06158 10.44485
9.88881 9.40201 8.98366 8.62721 8.32345
8.06367 7.84039 7.64661 7.47584 7.32375
7.18717 7.06329 6.95093 6.8505 6.76319
6.68945 6.62977 6.5851 6.55645 6.54375
6.54835 6.57359 6.62389 6.70437 6.82228
6.98733 7.21104 7.50721 7.89257 8.38594
9.00574 9.76204 10.63931 11.57695 12.47511
13.23678 13.81481 14.22019 14.49352 14.67392
14.79029 14.86455 14.91178 14.93992 14.95287
14.95356 14.94196 14.91067 14.86395 14.78987
14.67733 14.51083 14.27194 13.94303 13.51138
12.97735 12.36138 11.70253 11.04589 10.42831
9.87193 9.38555 8.9684 8.61399 8.31296
8.0566 7.83724 7.64763 7.48113 7.33304
7.19996 7.07906 6.96866 6.86917 6.78161
6.70658 6.64435 6.59626 6.56336 6.54596
6.54545 6.56574 6.61127 6.68766 6.80216
6.96474 7.18069 7.47814 7.86529 8.36113
8.98366 9.74303 10.62354 11.5645 12.4659
13.23072 13.81148 14.21917 14.49429 14.67605
14.79345 14.8683 14.91596 14.94426 14.95756
14.95842 14.94733 14.92133 14.87521 14.80214
14.69114 14.52651 14.28985 13.9634 13.53432
13.00284 12.38926 11.73228 11.07684 10.45977
9.90305 9.41539 8.99611 8.63863 8.33376
8.07305 7.84883 7.65402 7.48249 7.32954
7.1922 7.06755 6.95442 6.85305 6.76473
6.68987 6.62883 6.58279 6.55253 6.53821
6.38858 6.39779 6.43326 6.50001 6.60581
6.76081 6.97625 7.26552 7.64618 8.13836
8.76276 9.53364 10.43828 11.41198 12.34271
13.12296 13.70414 14.10348 14.36692 14.53683
14.64451 14.71305 14.75696 14.78347 14.79728
14.80163 14.79694 14.78074 14.75065 14.70248
14.62848 14.51654 14.35259 14.12027 13.80227
13.38674 12.87436 12.2849 11.65368 11.02194
10.42456 9.88327 9.40695 8.99517 8.64162
8.33785 8.07569 7.84678 7.64345 7.4593
7.29024 7.13371 6.98886 6.85723 6.74077
6.64026 6.55611 6.48978 6.44204 6.41245
6.40154 6.41254 6.44963 6.51774 6.62448
6.78007 6.99551 7.28436 7.664 8.15481
8.77734 9.546 10.44826 11.41957 12.34799
13.1262 13.70559 14.10322 14.36538 14.53427
14.64135 14.70956 14.75346 14.78023 14.79447
14.79942 14.79515 14.77452 14.74502 14.69711
14.62285 14.51023 14.34518 14.11124 13.79128
13.37361 12.85918 12.26777 11.63501 11.00224
10.40461 9.86392 9.38922 8.97999 8.62994
8.33035 8.07288 7.84909 7.65078 7.47141
7.30635 7.15289 7.01009 6.87906 6.76192
6.65918 6.57163 6.50069 6.44749 6.41177
6.39455 6.39941 6.43087 6.49404 6.59695
6.74998 6.95621 7.24719 7.62964 8.12395
8.75049 9.52341 10.43001 11.40567 12.33836
13.12032 13.70304 14.10339 14.36751 14.53777
14.64562 14.71416 14.75798 14.7845 14.79839
14.80317 14.7989 14.78339 14.75423 14.70717
14.63428 14.52379 14.3612 14.13016 13.81344
13.39893 12.88749 12.29863 11.66766 11.03592
10.43828 9.8964 9.41948 9.00685 8.65244
8.34774 8.08456 7.8548 7.65044 7.46527
7.2951 7.13729 6.99117 6.85808 6.73992
6.63761 6.55159 6.48322 6.43343 6.40163
6.22933 6.22379 6.24655 6.30265 6.39916
6.54562 6.75288 7.03482 7.40943 7.89828
8.52405 9.30499 10.23171 11.23627 12.19615
12.99227 13.57277 13.96136 14.21252 14.37203
14.47127 14.53402 14.57545 14.60171 14.61595
14.62191 14.62157 14.61347 14.59472 14.56309
14.51424 14.44066 14.33145 14.17407 13.95317
13.65325 13.26346 12.78433 12.23256 11.63893
11.03993 10.46769 9.94397 9.47831 9.07096
8.7169 8.40879 8.13759 7.8935 7.66843
7.45708 7.25691 7.0679 6.89312 6.73685
6.60104 6.48612 6.39293 6.32208 6.27306
6.2457 6.24246 6.2671 6.32456 6.42209
6.56881 6.7759 7.0569 7.43014 7.91686
8.54016 9.31837 10.24211 11.24377 12.20093
12.99465 13.57311 13.95991 14.20962 14.3682
14.46701 14.52975 14.57144 14.59821 14.61313
14.61987 14.62038 14.60785 14.58994 14.55857
14.50963 14.43504 14.32455 14.16512 13.94184
13.63944 13.24718 12.76574 12.21218 11.61744
11.01836 10.44698 9.9253 9.46288 9.05979
8.71084 8.40844 8.1433 7.90527 7.68565
7.47908 7.28248 7.09552 6.92134 6.76379
6.62508 6.50564 6.40657 6.3289 6.2723
6.23726 6.22643 6.24416 6.29574 6.38867
6.53249 6.72807 7.01197 7.38888 7.88012
8.50853 9.29203 10.22114 11.22808 12.19036
12.98868 13.57098 13.96093 14.21295 14.37297
14.47246 14.5353 14.57664 14.6029 14.61714
14.62319 14.62336 14.61578 14.59779 14.56701
14.51927 14.4468 14.33895 14.18277 13.96315
13.66442 13.27565 12.79737 12.24611 11.65291
11.05399 10.48168 9.95761 9.49152 9.08366
8.72892 8.42004 8.14799 7.90288 7.67662
7.46399 7.26228 7.07156 6.89483 6.73625
6.59805 6.48049 6.38466 6.311 6.25925
6.06845 6.04859 6.05967 6.10562 6.19309
6.33121 6.53045 6.80429 7.17165 7.65488
8.27877 9.0661 10.01184 11.04538 12.03272
12.84332 13.42349 13.80304 14.0432 14.19351
14.28644 14.34526 14.38456 14.4098 14.42429
14.43197 14.43427 14.43009 14.41824 14.39744
14.36504 14.31585 14.24355 14.13929 13.99137
13.7865 13.51172 13.15783 12.72474 12.22437
11.68079 11.1251 10.58722 10.08822 9.63731
9.23584 8.88025 8.56259 8.27084 7.99419
7.72598 7.46416 7.21189 6.97659 6.76592
6.58314 6.42848 6.30256 6.2052 6.13461
6.08976 6.07229 6.08533 6.13273 6.22097
6.35909 6.55756 6.82995 7.19518 7.67576
8.29651 9.08042 10.02258 11.05271 12.0369
12.84486 13.42272 13.8004 14.03928 14.18873
14.28132 14.34032 14.38005 14.40605 14.42157
14.43009 14.43325 14.42515 14.41406 14.3936
14.36078 14.31048 14.23622 14.12948 13.97867
13.77073 13.4928 13.13626 12.70103 12.19948
11.65589 11.10148 10.56633 10.07134 9.6258
9.23064 8.88212 8.57188 8.28755 8.01772
7.75522 7.49784 7.24812 7.0135 6.80139
6.61511 6.45508 6.32217 6.21645 6.13683
6.08269 6.05609 6.06086 6.10119 6.18389
6.31833 6.50231 6.77828 7.14812 7.63407
8.26078 9.05093 9.99939 11.03558 12.02564
12.83881 13.4211 13.80219 14.04354 14.19453
14.2878 14.3468 14.3861 14.41125 14.42583
14.4335 14.43606 14.43231 14.42097 14.40085
14.3693 14.32113 14.24986 14.1467 13.99998
13.79631 13.52255 13.1696 12.73735 12.23767
11.6946 11.13916 10.60146 10.10238 9.65121
9.24923 8.89303 8.57452 8.28176 8.00382
7.73399 7.47021 7.21564 6.9777 6.76413
6.57819 6.42021 6.29097 6.1902 6.11645
5.90796 5.87418 5.87469 5.9112 5.98922
6.11855 6.30914 6.57392 6.93222 7.40776
8.02726 8.81787 9.77916 10.83864 11.85089
12.67341 13.25088 13.62066 13.85158 13.99521
14.08378 14.14045 14.17916 14.20486 14.22026
14.22919 14.2331 14.23132 14.2234 14.20911
14.18665 14.15287 14.10343 14.03298 13.93352
13.7956 13.60858 13.36243 13.05042 12.67145
12.2331 11.75288 11.25615 10.76717 10.30294
9.87309 9.48119 9.12213 8.78307 8.45013
8.11328 7.7709 7.43175 7.11311 6.82994
6.58703 6.38333 6.21835 6.09098 5.99713
5.93417 5.90311 5.90566 5.94353 6.02215
6.15113 6.34062 6.60336 6.95902 7.43115
8.047 8.83344 9.79065 10.84621 11.85498
12.67443 13.24944 13.61734 13.8469 13.98968
14.07799 14.13492 14.17423 14.20077 14.21719
14.22706 14.23183 14.22698 14.21983 14.20562
14.18248 14.14691 14.09493 14.02116 13.91795
13.77603 13.58501 13.33537 13.02073 12.64031
12.20195 11.72352 11.23028 10.74658 10.28907
9.86748 9.4846 9.13507 8.80553 8.48136
8.15225 7.81565 7.48025 7.16288 6.87836
6.63161 6.42162 6.24839 6.11106 6.00632
5.93204 5.88992 5.88235 5.91145 5.98318
6.10749 6.27817 6.54542 6.90652 7.38512
8.00786 8.80153 9.76589 10.82843 11.84358
12.6689 13.24876 13.62032 13.85252 13.99691
14.08582 14.14257 14.18129 14.20673 14.22196
14.23081 14.23472 14.23293 14.22528 14.21132
14.18946 14.15627 14.10777 14.03817 13.93965
13.80283 13.61692 13.37179 13.06072 12.68277
12.24518 11.76572 11.26959 10.78095 10.31673
9.88679 9.49446 9.13464 8.79464 8.46026
8.1217 7.77702 7.43515 7.11336 6.82662
6.57988 6.37227 6.20329 6.07192 5.97441
5.76902 5.72307 5.71456 5.74315 5.81352
5.93425 6.11463 6.3681 6.71635 7.18441
7.79966 8.59324 9.57036 10.65613 11.69298
12.52655 13.10198 13.4647 13.68984 13.83031
13.91829 13.9764 14.01673 14.04319 14.05928
14.06966 14.07544 14.07561 14.07085 14.0614
14.0449 14.01877 13.98168 13.93029 13.85899
13.76207 13.63368 13.46521 13.24825 12.97827
12.65503 12.28347 11.87557 11.44895 11.0208
10.60397 10.20612 9.82655 9.45379 9.06836
8.65417 8.21113 7.76035 7.33416 6.95723
6.63765 6.37389 6.16288 6.00053 5.88073
5.79956 5.7566 5.7503 5.78008 5.85061
5.97084 6.14952 6.40043 6.74545 7.20951
7.82033 8.60933 9.58185 10.66336 11.69638
12.52698 13.09977 13.46062 13.68448 13.82444
13.91233 13.97087 14.01205 14.03945 14.05664
14.06795 14.07442 14.07374 14.06966 14.05996
14.042 14.01324 13.97249 13.91659 13.84001
13.73757 13.60365 13.4305 13.20996 12.93794
12.61462 12.24526 11.84196 11.42215 11.00302
10.597 10.21131 9.8445 9.4846 9.11133
8.70768 8.27315 7.82816 7.40469 7.02709
6.70368 6.43294 6.21223 6.03797 5.90498
5.80994 5.75311 5.73396 5.75251 5.81411
5.92779 6.08171 6.33781 6.68913 7.16033
7.7789 8.57563 9.55581 10.64473 11.68464
12.52119 13.09901 13.46351 13.69001 13.83142
13.91982 13.97802 14.01843 14.04464 14.06055
14.07076 14.07638 14.07638 14.07161 14.06225
14.046 14.02022 13.98363 13.93284 13.86222
13.76616 13.63861 13.47117 13.25531 12.98644
12.66431 12.29385 11.88697 11.4612 11.03357
10.61708 10.21922 9.83923 9.46562 9.07899
8.66284 8.21734 7.76358 7.33382 6.95272
6.62889 6.36044 6.14484 5.9779 5.85393
5.64045 5.58115 5.56303 5.58302 5.64445
5.75626 5.92694 6.16968 6.5073 6.96574
7.57376 8.36666 9.35586 10.46622 11.52851
12.37544 12.94985 13.30619 13.52783 13.66848
13.75773 13.81789 13.86162 13.89157 13.91012
13.92203 13.92969 13.93199 13.92884 13.92076
13.90672 13.88485 13.85414 13.81287 13.75807
13.68601 13.59224 13.47117 13.31793 13.12853
12.90008 12.63172 12.32771 11.99554 11.64456
11.28448 10.92296 10.56092 10.18646 9.77491
9.29996 8.75703 8.17854 7.62115 7.12987
6.71916 6.38461 6.12067 5.92072 5.77463
5.67474 5.6185 5.60268 5.62386 5.68563
5.7965 5.96539 6.20533 6.53921 6.99322
7.59639 8.38428 9.36845 10.47405 11.53225
12.37587 12.94755 13.30193 13.52222 13.66227
13.75161 13.81227 13.85694 13.88808 13.90765
13.92067 13.92901 13.93599 13.93326 13.92433
13.90808 13.8823 13.84614 13.79798 13.73544
13.65512 13.55319 13.4248 13.26569 13.07254
12.84307 12.57692 12.27828 11.95495 11.61606
11.27061 10.92594 10.58194 10.22586 9.832
9.37305 8.84339 8.27477 7.72308 7.23308
6.81922 6.47718 6.20193 5.98752 5.82475
5.70691 5.63254 5.59936 5.60497 5.65373
5.75489 5.89077 6.13642 6.4771 6.93894
7.55027 8.3465 9.33893 10.45235 11.51779
12.36779 12.94466 13.30287 13.52588 13.66746
13.75722 13.81763 13.86145 13.8914 13.9097
13.92152 13.9291 13.93148 13.92833 13.92042
13.90672 13.88536 13.85507 13.8144 13.76029
13.68916 13.59624 13.47619 13.32397 13.13576
12.9085 12.64133 12.33835 12.0072 11.65699
11.29742 10.93598 10.5736 10.19837 9.78537
9.30864 8.76307 8.18135 7.61996 7.12425
6.7087 6.36912 6.10008 5.8952 5.74451
5.53648 5.46373 5.43514 5.44501 5.49573
5.59689 5.75719 5.98939 6.3162 6.76417
7.363 8.1525 9.15055 10.28159 11.36591
12.22544 12.80223 13.15797 13.38123 13.52596
13.62032 13.68524 13.73272 13.76497 13.78496
13.79849 13.8081 13.81253 13.81176 13.80623
13.79458 13.77484 13.74625 13.70873 13.66108
13.6016 13.52741 13.43509 13.32201 13.18469
13.01979 12.82588 12.60432 12.35741 12.08837
11.8024 11.50426 11.19217 10.85251 10.45507
9.96124 9.3528 8.66404 7.974 7.35551
6.83905 6.42358 6.10153 5.86253 5.69048
5.57256 5.50321 5.47701 5.48815 5.53912
5.63926 5.79752 6.02657 6.3493 6.79259
7.38606 8.17012 9.1628 10.28873 11.36872
12.22476 12.79883 13.15252 13.37451 13.51873
13.61317 13.67886 13.72744 13.76097 13.78215
13.79679 13.80708 13.82699 13.82555 13.81763
13.8013 13.77441 13.73646 13.68728 13.62662
13.55319 13.46513 13.36022 13.23667 13.09203
12.92399 12.73152 12.51677 12.28193 12.03008
11.76555 11.49252 11.20791 10.89667 10.52723
10.05934 9.47336 8.8023 8.12417 7.51139
6.99399 6.57111 6.23588 5.97884 5.78493
5.64284 5.54831 5.4976 5.4862 5.51776
5.60251 5.72086 5.95612 6.28634 6.73788
7.3402 8.1331 9.13439 10.26857 11.35612
12.21872 12.79806 13.15584 13.38047 13.52622
13.62117 13.68652 13.73408 13.76633 13.78624
13.79968 13.80913 13.81346 13.81253 13.80683
13.79517 13.77535 13.74684 13.70941 13.6621
13.60288 13.52911 13.43756 13.32525 13.18886
13.02507 12.83235 12.61198 12.36634 12.09841
11.8132 11.51557 11.20365 10.86348 10.46511
9.96975 9.35892 8.6671 7.97306 7.34998
6.82841 6.40758 6.08009 5.83581 5.659
5.43252 5.34718 5.31055 5.3142 5.35848
5.45148 5.60082 5.81859 6.12884 6.56013
7.144 7.92506 8.92831 10.07879 11.18583
12.05878 12.63823 12.99327 13.21776 13.36582
13.46502 13.53651 13.59065 13.62847 13.65338
13.67131 13.68338 13.68823 13.68712 13.68117
13.66919 13.64998 13.62422 13.59116 13.54926
13.49741 13.43408 13.35622 13.26238 13.15239
13.02446 12.87707 12.7109 12.5267 12.32415
12.10392 11.86685 11.60913 11.31664 10.96024
10.49427 9.88185 9.14014 8.35185 7.616
6.99048 6.48712 6.09866 5.81196 5.60779
5.46941 5.38747 5.35339 5.35848 5.40294
5.49508 5.6423 5.85693 6.16318 6.58962
7.16814 7.94359 8.94124 10.08661 11.18914
12.05844 12.63499 12.98791 13.21112 13.3586
13.45796 13.53013 13.5853 13.62439 13.65057
13.66962 13.68245 13.72368 13.71756 13.7037
13.67999 13.64513 13.59975 13.54348 13.47565
13.39634 13.30547 13.20195 13.08601 12.9591
12.82123 12.67206 12.51294 12.34506 12.16775
11.98084 11.7838 11.57088 11.32591 11.01719
10.59652 10.02473 9.31677 8.55346 7.83267
7.21191 6.70293 6.29927 5.98893 5.7545
5.58127 5.46218 5.39104 5.3612 5.37498
5.44204 5.56367 5.78459 6.09841 6.53336
7.12071 7.90517 8.91149 10.06502 11.17512
12.05105 12.63287 12.98978 13.21563 13.36455
13.46434 13.53617 13.59056 13.62856 13.65355
13.67149 13.68356 13.6884 13.6873 13.68143
13.66944 13.65032 13.62457 13.59167 13.54985
13.49826 13.43519 13.35767 13.2645 13.1552
13.0282 12.88184 12.71677 12.53376 12.33222
12.11284 11.87637 11.61882 11.32608 10.96891
10.5015 9.88711 9.14251 8.35049 7.61005
6.97952 6.47071 6.07682 5.78476 5.57566
5.34327 5.24518 5.19902 5.19469 5.2309
5.31437 5.45198 5.65616 5.95127 6.36565
6.93184 7.6993 8.70077 9.86374 10.98871
11.87348 12.4565 12.814 13.0441 13.19948
13.30539 13.38316 13.44326 13.48584 13.51407
13.53438 13.54806 13.5541 13.55461 13.55078
13.54025 13.52188 13.49741 13.46621 13.42643
13.37815 13.32061 13.2515 13.16999 13.07691
12.971 12.85055 12.71668 12.56988 12.40753
12.2287 12.03481 11.82121 11.57292 11.26522
10.85612 10.29477 9.56616 8.73061 7.89905
7.16456 6.5671 6.10853 5.77363 5.5386
5.38101 5.28649 5.24297 5.24017 5.27672
5.35925 5.49474 5.69568 5.98655 6.39591
6.95648 7.718 8.71369 9.87122 10.99152
11.87246 12.4525 12.80771 13.03636 13.19124
13.29731 13.37585 13.43714 13.48109 13.51066
13.53217 13.5467 13.61879 13.59031 13.55172
13.49928 13.43136 13.34951 13.25405 13.14483
13.02438 12.89501 12.7579 12.61595 12.47358
12.33265 12.19402 12.06065 11.93383 11.81041
11.68801 11.56552 11.43471 11.27644 11.06131
10.74247 10.26435 9.60772 8.82938 8.03777
7.32445 6.72945 6.25558 5.88965 5.61085
5.40056 5.24824 5.14633 5.08835 5.07654
5.12066 5.41493 5.62224 5.92068 6.33854
6.90812 7.67865 8.68309 9.84895 10.9769
11.86447 12.44995 12.80916 13.04062 13.19693
13.30352 13.3818 13.44224 13.48508 13.51347
13.53396 13.54772 13.55393 13.55452 13.5507
13.54007 13.5218 13.49715 13.46587 13.42609
13.37772 13.32035 13.25141 13.17033 13.07793
12.97287 12.85328 12.72059 12.57498 12.41382
12.23601 12.04289 11.82971 11.58142 11.27313
10.86291 10.2997 9.56837 8.72933 7.89327
7.1536 6.55061 6.08643 5.746 5.50579
5.24977 5.14055 5.08648 5.07493 5.10382
5.17888 5.30527 5.49491 5.77261 6.16641
6.70845 7.45263 8.4405 9.60381 10.73703
11.628 12.2134 12.57405 12.81086 12.97389
13.08634 13.16999 13.23509 13.28057 13.31032
13.33259 13.34857 13.35622 13.35809 13.35605
13.3467 13.32885 13.3048 13.27479 13.23671
13.19124 13.13888 13.077 13.00415 12.92212
12.82999 12.72543 12.60984 12.48514 12.34778
12.19478 12.02784 11.84432 11.63012 11.36407
11.01294 10.52529 9.85992 9.03848 8.15643
7.33082 6.64079 6.11116 5.72849 5.46295
5.287 5.18143 5.13 5.11998 5.14938
5.22351 5.34786 5.53435 5.80788 6.19667
6.73311 7.47133 8.45325 9.61103 10.73932
11.62639 12.20838 12.56657 12.80185 12.96411
13.07657 13.1608 13.22702 13.27394 13.30513
13.32868 13.34559 13.35384 13.35571 13.35308
13.34279 13.32349 13.29774 13.26586 13.22608
13.17908 13.12553 13.06314 12.99047 12.90921
12.8186 12.71608 12.60295 12.48089 12.34616
12.19538 12.03013 11.84738 11.63293 11.36527
11.01116 10.51918 9.8481 9.01969 8.12957
7.29512 6.59583 6.05701 5.66568 5.39231
5.20991 5.0994 5.04483 5.0337 5.06388
5.1408 5.26966 5.46218 5.74303 6.13997
6.68516 7.43215 8.42257 9.58843 10.72428
11.6178 12.20524 12.56733 12.80517 12.96896
13.08184 13.16582 13.23118 13.27692 13.30683
13.32928 13.34543 13.35324 13.35529 13.35342
13.34423 13.32639 13.30241 13.27233 13.23424
13.18877 13.1365 13.07479 13.00236 12.92085
12.82948 12.72586 12.61136 12.48769 12.35152
12.19962 12.03354 11.85053 11.63659 11.37011
11.01796 10.52878 9.86102 9.03644 8.15031
7.31994 6.62456 6.0894 5.70129 5.43065
5.16911 5.05079 4.99026 4.9725 4.99528
5.06294 5.17812 5.35152 5.60822 5.97525
6.48397 7.19177 8.14836 9.29186 10.41667
11.30534 11.89006 12.25156 12.49151 12.65922
12.77618 12.86347 12.93164 12.97959 13.01087
13.03449 13.05175 13.06016 13.06195 13.06
13.05141 13.03458 13.01197 12.98477 12.95069
12.90963 12.86262 12.8072 12.74141 12.6667
12.58374 12.49092 12.38884 12.27944 12.15959
12.0252 11.87671 11.71308 11.52277 11.28749
10.98302 10.56796 9.9915 9.23686 8.36077
7.47949 6.70956 6.11311 5.68769 5.39665
5.20523 5.09048 5.03268 5.01661 5.03999
5.10697 5.22036 5.39079 5.64349 6.00576
6.50905 7.21098 8.16153 9.29951 10.41939
11.3039 11.88529 12.24408 12.48225 12.64911
12.76581 12.85353 12.92263 12.97185 13.00458
13.02939 13.04758 13.05651 13.05838 13.056
13.04648 13.0282 13.00398 12.97491 12.93904
12.89645 12.84826 12.79216 12.72637 12.65234
12.57065 12.4797 12.37999 12.27307 12.15585
12.02368 11.87705 11.71444 11.52396 11.28749
10.98039 10.56142 9.97977 9.21867 8.3351
7.44541 6.66664 6.06135 5.6276 5.3289
5.13111 5.01143 4.95031 4.93289 4.95678
5.02622 5.14377 5.31981 5.57932 5.94932
6.46085 7.17111 8.12983 9.27554 10.40255
11.29344 11.87994 12.24255 12.48327 12.65157
12.7687 12.85617 12.9245 12.97253 13.00407
13.02787 13.04537 13.05405 13.05608 13.05438
13.04606 13.02923 13.00679 12.97959 12.94542
12.90445 12.85744 12.8021 12.73649 12.66211
12.57975 12.48769 12.38654 12.27825 12.1595
12.02623 11.87884 11.71598 11.52591 11.29055
10.9854 10.56916 9.99081 9.23355 8.35397
7.46844 6.69358 6.09195 5.66134 5.36537
5.07552 4.95235 4.88954 4.86812 4.88469
4.94487 5.04934 5.20591 5.43907 5.77532
6.24266 6.89766 7.79637 8.88726 9.97152
10.83376 11.4047 11.76103 11.99987 12.16724
12.28378 12.37073 12.4389 12.48658 12.51736
12.54039 12.55756 12.56615 12.56818 12.56666
12.55977 12.54532 12.52501 12.50019 12.46975
12.43363 12.39189 12.34259 12.28403 12.21722
12.14284 12.05997 11.96978 11.87322 11.76765
11.64883 11.51589 11.36764 11.19586 10.98642
10.71986 10.36464 9.87522 9.21553 8.40063
7.5208 6.70965 6.06841 5.61578 5.31063
5.1102 4.99026 4.92983 4.90994 4.92703
4.98653 5.08938 5.24306 5.47239 5.80405
6.2662 6.91552 7.80844 8.89389 9.97322
10.8313 11.39884 11.75244 11.98925 12.15551
12.27162 12.35891 12.42777 12.47655 12.5086
12.53266 12.55076 12.56002 12.56207 12.56028
12.55255 12.53682 12.51506 12.48863 12.45666
12.4191 12.37634 12.32644 12.26788 12.20175
12.12865 12.04764 11.95967 11.86566 11.76264
11.64619 11.51503 11.3679 11.19637 10.986
10.71731 10.3587 9.86468 9.19921 8.3776
7.4902 6.67097 6.02157 5.56104 5.24883
5.04237 4.91759 4.85401 4.83268 4.85001
4.91139 5.01764 5.17624 5.41161 5.75008
6.21953 6.87633 7.77656 8.86881 9.95461
10.81846 11.39068 11.74776 11.98696 12.15457
12.27128 12.35832 12.42666 12.47468 12.5058
12.52917 12.54685 12.55594 12.5585 12.55748
12.55093 12.53674 12.51667 12.49194 12.46151
12.4253 12.38348 12.33418 12.2757 12.20906
12.13511 12.05283 11.96341 11.86778 11.76332
11.64551 11.51359 11.3662 11.19492 10.98557
10.71867 10.36261 9.87173 9.21001 8.39231
7.50882 6.69332 6.04749 5.59011 5.28045
4.9226 4.79969 4.73586 4.71181 4.72345
4.77615 4.86931 5.00786 5.21458 5.51471
5.93181 6.51627 7.32352 8.3141 9.30954
10.11016 10.64685 10.98557 11.21354 11.37368
11.48545 11.56824 11.63208 11.67653 11.70527
11.72643 11.74198 11.75057 11.75414 11.7544
11.74878 11.73587 11.71793 11.69642 11.67016
11.63871 11.6025 11.56 11.50951 11.45103
11.38558 11.31401 11.23675 11.15319 11.06071
10.95701 10.84047 10.70838 10.55487 10.36966
10.13668 9.83195 9.4214 8.86652 8.15431
7.34043 6.55078 5.9086 5.45479 5.15296
4.95491 4.83505 4.77343 4.75091 4.76314
4.81525 4.90696 5.04296 5.2462 5.54209
5.95434 6.53344 7.33524 8.32048 9.31115
10.1076 10.64081 10.97664 11.20249 11.36127
11.47245 11.55524 11.61942 11.66472 11.69447
11.71649 11.73281 11.74182 11.74539 11.7453
11.73884 11.72481 11.70543 11.6824 11.65461
11.6218 11.58456 11.54156 11.49107 11.43318
11.369 11.29913 11.224 11.14291 11.05297
10.95157 10.83699 10.70626 10.55326 10.36745
10.13276 9.82523 9.41086 8.85113 8.13306
7.31264 6.51593 5.86644 5.40574 5.09753
4.89421 4.77003 4.7056 4.68163 4.69395
4.74776 4.84253 4.98262 5.19112 5.49287
5.91141 6.49681 7.30473 8.29575 9.29186
10.09307 10.63019 10.96883 11.19662 11.35642
11.46803 11.55065 11.6144 11.65902 11.68818
11.70985 11.72609 11.73544 11.73977 11.74071
11.73569 11.72329 11.70552 11.6841 11.65775
11.62604 11.58949 11.54674 11.49591 11.43726
11.37198 11.30067 11.22382 11.14104 11.04966
10.94698 10.83164 10.70065 10.54808 10.36354
10.13072 9.82583 9.41451 8.85844 8.14428
7.32768 6.53454 5.88837 5.43048 5.12474
4.75354 4.63666 4.57487 4.55133 4.5594
4.60326 4.6841 4.80522 4.98431 5.24322
5.60303 6.10385 6.78972 7.63045 8.48189
9.17796 9.65523 9.96268 10.1711 10.31756
10.41947 10.49418 10.5513 10.59126 10.61667
10.63443 10.6477 10.65594 10.65977 10.65968
10.65466 10.64447 10.63035 10.61267 10.59075
10.5649 10.53507 10.49945 10.45704 10.40783
10.35206 10.29061 10.2249 10.1541 10.07505
9.98563 9.8855 9.7716 9.63823 9.47793
9.27919 9.02343 8.68462 8.23157 7.64414
6.9524 6.25523 5.66908 5.24782 4.96748
4.78287 4.66845 4.60853 4.58617 4.59476
4.63819 4.71767 4.83659 5.01262 5.26788
5.62343 6.11949 6.8006 7.63657 8.48377
9.17609 9.65014 9.95477 10.16124 10.30625
10.40732 10.48178 10.53907 10.57944 10.60545
10.62389 10.63749 10.64591 10.64957 10.64906
10.64319 10.6318 10.61633 10.59712 10.57375
10.54672 10.51577 10.47965 10.43715 10.38845
10.33362 10.2737 10.20986 10.14127 10.06442
9.97721 9.87887 9.76633 9.63364 9.47316
9.27333 9.01544 8.67366 8.21678 7.62476
6.92776 6.22489 5.63286 5.20582 4.92031
4.73118 4.6132 4.55082 4.52727 4.53577
4.58048 4.66225 4.78448 4.9646 5.22436
5.58484 6.08583 6.7717 7.61209 8.46354
9.15952 9.63645 9.9433 10.15113 10.2969
10.39831 10.47268 10.52963 10.56958 10.59534
10.61361 10.62747 10.63648 10.64106 10.64175
10.63724 10.62747 10.61352 10.59585 10.57383
10.54773 10.51747 10.48143 10.43868 10.38921
10.33337 10.27208 10.20688 10.13676 10.05856
9.97041 9.87148 9.75885 9.62659 9.4673
9.26925 9.01357 8.67459 8.22095 7.63223
6.93863 6.23892 5.6497 5.22512 4.94165
4.55804 4.47372 4.41312 4.38302 4.3917
4.43343 4.49557 4.57615 4.69353 4.88019
5.17055 5.58756 6.13105 6.76532 7.41625
7.99187 8.42188 8.69355 8.85088 8.95841
9.05573 9.14243 9.20006 9.22386 9.23176
9.24605 9.27052 9.2905 9.29195 9.27758
9.26228 9.25565 9.25285 9.24477 9.23109
9.22114 9.22012 9.21859 9.19955 9.15475
9.09253 9.02683 8.96172 8.88837 8.79758
8.69185 8.58135 8.47085 8.35252 8.21321
8.04474 7.84091 7.58455 7.24489 6.79992
6.26858 5.72016 5.24365 4.8983 4.68435
4.55813 4.47372 4.41312 4.38302 4.39161
4.43335 4.49548 4.57606 4.69336 4.88002
5.17021 5.58705 6.13046 6.76464 7.41566
7.99136 8.42155 8.69329 8.85079 8.95832
9.05565 9.14235 9.20006 9.22377 9.23176
9.24596 9.27052 9.2905 9.29195 9.27758
9.26228 9.25565 9.25285 9.24477 9.23109
9.22114 9.22012 9.21867 9.19955 9.15475
9.09262 9.02692 8.96181 8.88845 8.79776
8.69193 8.58143 8.47101 8.35261 8.21338
8.04491 7.84117 7.58481 7.24523 6.80042
6.26917 5.72067 5.24407 4.89855 4.68452
4.55821 4.4738 4.4132 4.38302 4.39161
4.43335 4.4954 4.57597 4.69319 4.87976
5.16987 5.58654 6.12986 6.76396 7.41506
7.99076 8.42121 8.69312 8.85063 8.95824
9.05547 9.14226 9.19998 9.22377 9.23176
9.24596 9.27052 9.2905 9.29195 9.27758
9.26228 9.25565 9.25285 9.24477 9.23109
9.22123 9.22012 9.21867 9.19955 9.15484
9.09262 9.027 8.96189 8.88853 8.79784
8.6921 8.5816 8.4711 8.35278 8.21346
8.04508 7.84142 7.58514 7.24566 6.80093
6.26977 5.72118 5.2445 4.89889 4.68469